10-5-0-0;10;5;0;32
10-5-0-1;10;5;0;34
10-5-0-2;10;5;0;15
10-5-0-3;10;5;0;23
10-5-0-4;10;5;0;34
10-5-0-5;10;5;0;14
10-5-0-6;10;5;0;20
10-5-0-7;10;5;0;34
10-5-0-8;10;5;0;15
10-5-0-9;10;5;0;5
10-5-2-0;10;5;2;11
10-5-2-1;10;5;2;5
10-5-2-2;10;5;2;13
10-5-2-3;10;5;2;8
10-5-2-4;10;5;2;9
10-5-2-5;10;5;2;9
10-5-2-6;10;5;2;10
10-5-2-7;10;5;2;12
10-5-2-8;10;5;2;14
10-5-2-9;10;5;2;2
10-5-5-0;10;5;5;12
10-5-5-1;10;5;5;2
10-5-5-2;10;5;5;11
10-5-5-3;10;5;5;6
10-5-5-4;10;5;5;2
10-5-5-5;10;5;5;3
10-5-5-6;10;5;5;10
10-5-5-7;10;5;5;4
10-5-5-8;10;5;5;3
10-5-5-9;10;5;5;6
10-10-0-0;10;10;0;13
10-10-0-1;10;10;0;7
10-10-0-2;10;10;0;2
10-10-0-3;10;10;0;9
10-10-0-4;10;10;0;4
10-10-0-5;10;10;0;9
10-10-0-6;10;10;0;6
10-10-0-7;10;10;0;2
10-10-0-8;10;10;0;10
10-10-0-9;10;10;0;5
10-10-2-0;10;10;2;8
10-10-2-1;10;10;2;8
10-10-2-2;10;10;2;8
10-10-2-3;10;10;2;3
10-10-2-4;10;10;2;5
10-10-2-5;10;10;2;4
10-10-2-6;10;10;2;4
10-10-2-7;10;10;2;2
10-10-2-8;10;10;2;3
10-10-2-9;10;10;2;3
10-10-5-0;10;10;5;5
10-10-5-1;10;10;5;1
10-10-5-2;10;10;5;1
10-10-5-3;10;10;5;3
10-10-5-4;10;10;5;2
10-10-5-5;10;10;5;1
10-10-5-6;10;10;5;4
10-10-5-7;10;10;5;2
10-10-5-8;10;10;5;3
10-10-5-9;10;10;5;3
10-15-0-0;10;15;0;2
10-15-0-1;10;15;0;6
10-15-0-2;10;15;0;3
10-15-0-3;10;15;0;6
10-15-0-4;10;15;0;3
10-15-0-5;10;15;0;5
10-15-0-6;10;15;0;4
10-15-0-7;10;15;0;5
10-15-0-8;10;15;0;3
10-15-0-9;10;15;0;4
10-15-2-0;10;15;2;3
10-15-2-1;10;15;2;2
10-15-2-2;10;15;2;4
10-15-2-3;10;15;2;4
10-15-2-4;10;15;2;4
10-15-2-5;10;15;2;2
10-15-2-6;10;15;2;3
10-15-2-7;10;15;2;2
10-15-2-8;10;15;2;1
10-15-2-9;10;15;2;2
10-15-5-0;10;15;5;2
10-15-5-1;10;15;5;1
10-15-5-2;10;15;5;1
10-15-5-3;10;15;5;1
10-15-5-4;10;15;5;1
10-15-5-5;10;15;5;2
10-15-5-6;10;15;5;1
10-15-5-7;10;15;5;0
10-15-5-8;10;15;5;1
10-15-5-9;10;15;5;2
20-5-0-0;20;5;0;7
20-5-0-1;20;5;0;4
20-5-0-2;20;5;0;6
20-5-0-3;20;5;0;3
20-5-0-4;20;5;0;5
20-5-0-5;20;5;0;4
20-5-0-6;20;5;0;3
20-5-0-7;20;5;0;6
20-5-0-8;20;5;0;4
20-5-0-9;20;5;0;2
20-5-2-0;20;5;2;3
20-5-2-1;20;5;2;3
20-5-2-2;20;5;2;5
20-5-2-3;20;5;2;6
20-5-2-4;20;5;2;4
20-5-2-5;20;5;2;3
20-5-2-6;20;5;2;1
20-5-2-7;20;5;2;4
20-5-2-8;20;5;2;4
20-5-2-9;20;5;2;5
20-5-5-0;20;5;5;2
20-5-5-1;20;5;5;1
20-5-5-2;20;5;5;2
20-5-5-3;20;5;5;3
20-5-5-4;20;5;5;1
20-5-5-5;20;5;5;2
20-5-5-6;20;5;5;3
20-5-5-7;20;5;5;4
20-5-5-8;20;5;5;2
20-5-5-9;20;5;5;5
20-10-0-0;20;10;0;4
20-10-0-1;20;10;0;5
20-10-0-2;20;10;0;4
20-10-0-3;20;10;0;3
20-10-0-4;20;10;0;4
20-10-0-5;20;10;0;4
20-10-0-6;20;10;0;4
20-10-0-7;20;10;0;3
20-10-0-8;20;10;0;6
20-10-0-9;20;10;0;3
20-10-2-0;20;10;2;2
20-10-2-1;20;10;2;3
20-10-2-2;20;10;2;4
20-10-2-3;20;10;2;1
20-10-2-4;20;10;2;1
20-10-2-5;20;10;2;1
20-10-2-6;20;10;2;3
20-10-2-7;20;10;2;2
20-10-2-8;20;10;2;5
20-10-2-9;20;10;2;3
20-10-5-0;20;10;5;4
20-10-5-1;20;10;5;3
20-10-5-2;20;10;5;3
20-10-5-3;20;10;5;2
20-10-5-4;20;10;5;3
20-10-5-5;20;10;5;1
20-10-5-6;20;10;5;4
20-10-5-7;20;10;5;3
20-10-5-8;20;10;5;2
20-10-5-9;20;10;5;4
20-15-0-0;20;15;0;5
20-15-0-1;20;15;0;1
20-15-0-2;20;15;0;3
20-15-0-3;20;15;0;1
20-15-0-4;20;15;0;2
20-15-0-5;20;15;0;2
20-15-0-6;20;15;0;3
20-15-0-7;20;15;0;7
20-15-0-8;20;15;0;3
20-15-0-9;20;15;0;2
20-15-2-0;20;15;2;2
20-15-2-1;20;15;2;5
20-15-2-2;20;15;2;3
20-15-2-3;20;15;2;2
20-15-2-4;20;15;2;4
20-15-2-5;20;15;2;1
20-15-2-6;20;15;2;2
20-15-2-7;20;15;2;3
20-15-2-8;20;15;2;2
20-15-2-9;20;15;2;3
20-15-5-0;20;15;5;1
20-15-5-1;20;15;5;2
20-15-5-2;20;15;5;0
20-15-5-3;20;15;5;1
20-15-5-4;20;15;5;3
20-15-5-5;20;15;5;1
20-15-5-6;20;15;5;1
20-15-5-7;20;15;5;2
20-15-5-8;20;15;5;3
20-15-5-9;20;15;5;3
30-5-0-0;30;5;0;6
30-5-0-1;30;5;0;7
30-5-0-2;30;5;0;6
30-5-0-3;30;5;0;8
30-5-0-4;30;5;0;4
30-5-0-5;30;5;0;8
30-5-0-6;30;5;0;4
30-5-0-7;30;5;0;5
30-5-0-8;30;5;0;5
30-5-0-9;30;5;0;5
30-5-2-0;30;5;2;5
30-5-2-1;30;5;2;5
30-5-2-2;30;5;2;1
30-5-2-3;30;5;2;9
30-5-2-4;30;5;2;6
30-5-2-5;30;5;2;7
30-5-2-6;30;5;2;8
30-5-2-7;30;5;2;2
30-5-2-8;30;5;2;6
30-5-2-9;30;5;2;8
30-5-5-0;30;5;5;4
30-5-5-1;30;5;5;7
30-5-5-2;30;5;5;4
30-5-5-3;30;5;5;2
30-5-5-4;30;5;5;5
30-5-5-5;30;5;5;3
30-5-5-6;30;5;5;3
30-5-5-7;30;5;5;7
30-5-5-8;30;5;5;7
30-5-5-9;30;5;5;7
30-10-0-0;30;10;0;10
30-10-0-1;30;10;0;10
30-10-0-2;30;10;0;2
30-10-0-3;30;10;0;11
30-10-0-4;30;10;0;7
30-10-0-5;30;10;0;4
30-10-0-6;30;10;0;8
30-10-0-7;30;10;0;11
30-10-0-8;30;10;0;8
30-10-0-9;30;10;0;8
30-10-2-0;30;10;2;3
30-10-2-1;30;10;2;4
30-10-2-2;30;10;2;3
30-10-2-3;30;10;2;9
30-10-2-4;30;10;2;7
30-10-2-5;30;10;2;9
30-10-2-6;30;10;2;7
30-10-2-7;30;10;2;4
30-10-2-8;30;10;2;4
30-10-2-9;30;10;2;9
30-10-5-0;30;10;5;3
30-10-5-1;30;10;5;5
30-10-5-2;30;10;5;8
30-10-5-3;30;10;5;5
30-10-5-4;30;10;5;5
30-10-5-5;30;10;5;10
30-10-5-6;30;10;5;6
30-10-5-7;30;10;5;6
30-10-5-8;30;10;5;5
30-10-5-9;30;10;5;5
30-15-0-0;30;15;0;7
30-15-0-1;30;15;0;6
30-15-0-2;30;15;0;6
30-15-0-3;30;15;0;3
30-15-0-4;30;15;0;4
30-15-0-5;30;15;0;7
30-15-0-6;30;15;0;5
30-15-0-7;30;15;0;7
30-15-0-8;30;15;0;7
30-15-0-9;30;15;0;6
30-15-2-0;30;15;2;6
30-15-2-1;30;15;2;4
30-15-2-2;30;15;2;6
30-15-2-3;30;15;2;5
30-15-2-4;30;15;2;4
30-15-2-5;30;15;2;6
30-15-2-6;30;15;2;6
30-15-2-7;30;15;2;4
30-15-2-8;30;15;2;2
30-15-2-9;30;15;2;4
30-15-5-0;30;15;5;2
30-15-5-1;30;15;5;3
30-15-5-2;30;15;5;3
30-15-5-3;30;15;5;3
30-15-5-4;30;15;5;6
30-15-5-5;30;15;5;3
30-15-5-6;30;15;5;1
30-15-5-7;30;15;5;3
30-15-5-8;30;15;5;2
30-15-5-9;30;15;5;4
50-5-0-0;50;5;0;103
50-5-0-1;50;5;0;72
50-5-0-2;50;5;0;73
50-5-0-3;50;5;0;34
50-5-0-4;50;5;0;47
50-5-0-5;50;5;0;13
50-5-0-6;50;5;0;11
50-5-0-7;50;5;0;10
50-5-0-8;50;5;0;12
50-5-0-9;50;5;0;13
50-5-2-0;50;5;2;17
50-5-2-1;50;5;2;13
50-5-2-2;50;5;2;12
50-5-2-3;50;5;2;10
50-5-2-4;50;5;2;4
50-5-2-5;50;5;2;8
50-5-2-6;50;5;2;11
50-5-2-7;50;5;2;9
50-5-2-8;50;5;2;12
50-5-2-9;50;5;2;11
50-5-5-0;50;5;5;10
50-5-5-1;50;5;5;5
50-5-5-2;50;5;5;8
50-5-5-3;50;5;5;12
50-5-5-4;50;5;5;11
50-5-5-5;50;5;5;16
50-5-5-6;50;5;5;12
50-5-5-7;50;5;5;17
50-5-5-8;50;5;5;14
50-5-5-9;50;5;5;11
50-10-0-0;50;10;0;8
50-10-0-1;50;10;0;13
50-10-0-2;50;10;0;17
50-10-0-3;50;10;0;12
50-10-0-4;50;10;0;10
50-10-0-5;50;10;0;13
50-10-0-6;50;10;0;2
50-10-0-7;50;10;0;7
50-10-0-8;50;10;0;7
50-10-0-9;50;10;0;11
50-10-2-0;50;10;2;5
50-10-2-1;50;10;2;10
50-10-2-2;50;10;2;1
50-10-2-3;50;10;2;9
50-10-2-4;50;10;2;6
50-10-2-5;50;10;2;10
50-10-2-6;50;10;2;6
50-10-2-7;50;10;2;9
50-10-2-8;50;10;2;4
50-10-2-9;50;10;2;12
50-10-5-0;50;10;5;9
50-10-5-1;50;10;5;8
50-10-5-2;50;10;5;7
50-10-5-3;50;10;5;8
50-10-5-4;50;10;5;9
50-10-5-5;50;10;5;4
50-10-5-6;50;10;5;9
50-10-5-7;50;10;5;10
50-10-5-8;50;10;5;8
50-10-5-9;50;10;5;10
50-15-0-0;50;15;0;2
50-15-0-1;50;15;0;11
50-15-0-2;50;15;0;14
50-15-0-3;50;15;0;11
50-15-0-4;50;15;0;6
50-15-0-5;50;15;0;15
50-15-0-6;50;15;0;14
50-15-0-7;50;15;0;17
50-15-0-8;50;15;0;16
50-15-0-9;50;15;0;15
50-15-2-0;50;15;2;6
50-15-2-1;50;15;2;20
50-15-2-2;50;15;2;17
50-15-2-3;50;15;2;15
50-15-2-4;50;15;2;14
50-15-2-5;50;15;2;11
50-15-2-6;50;15;2;10
50-15-2-7;50;15;2;15
50-15-2-8;50;15;2;14
50-15-2-9;50;15;2;5
50-15-5-0;50;15;5;16
50-15-5-1;50;15;5;13
50-15-5-2;50;15;5;7
50-15-5-3;50;15;5;7
50-15-5-4;50;15;5;1
50-15-5-5;50;15;5;2
50-15-5-6;50;15;5;9
50-15-5-7;50;15;5;9
50-15-5-8;50;15;5;9
50-15-5-9;50;15;5;14
100-5-0-0;100;5;0;60
100-5-0-1;100;5;0;43
100-5-0-2;100;5;0;35
100-5-0-3;100;5;0;46
100-5-0-4;100;5;0;45
100-5-0-5;100;5;0;48
100-5-0-6;100;5;0;43
100-5-0-7;100;5;0;49
100-5-0-8;100;5;0;53
100-5-0-9;100;5;0;40
100-5-2-0;100;5;2;40
100-5-2-1;100;5;2;24
100-5-2-2;100;5;2;40
100-5-2-3;100;5;2;29
100-5-2-4;100;5;2;29
100-5-2-5;100;5;2;46
100-5-2-6;100;5;2;44
100-5-2-7;100;5;2;39
100-5-2-8;100;5;2;35
100-5-2-9;100;5;2;11
100-5-5-0;100;5;5;45
100-5-5-1;100;5;5;36
100-5-5-2;100;5;5;36
100-5-5-3;100;5;5;24
100-5-5-4;100;5;5;41
100-5-5-5;100;5;5;60
100-5-5-6;100;5;5;36
100-5-5-7;100;5;5;25
100-5-5-8;100;5;5;39
100-5-5-9;100;5;5;36
100-10-0-0;100;10;0;39
100-10-0-1;100;10;0;33
100-10-0-2;100;10;0;54
100-10-0-3;100;10;0;41
100-10-0-4;100;10;0;38
100-10-0-5;100;10;0;12
100-10-0-6;100;10;0;39
100-10-0-7;100;10;0;45
100-10-0-8;100;10;0;25
100-10-0-9;100;10;0;21
100-10-2-0;100;10;2;40
100-10-2-1;100;10;2;14
100-10-2-2;100;10;2;41
100-10-2-3;100;10;2;32
100-10-2-4;100;10;2;43
100-10-2-5;100;10;2;38
100-10-2-6;100;10;2;31
100-10-2-7;100;10;2;40
100-10-2-8;100;10;2;25
100-10-2-9;100;10;2;46
100-10-5-0;100;10;5;27
100-10-5-1;100;10;5;16
100-10-5-2;100;10;5;20
100-10-5-3;100;10;5;40
100-10-5-4;100;10;5;29
100-10-5-5;100;10;5;19
100-10-5-6;100;10;5;31
100-10-5-7;100;10;5;37
100-10-5-8;100;10;5;1
100-10-5-9;100;10;5;23
100-15-0-0;100;15;0;23
100-15-0-1;100;15;0;45
100-15-0-2;100;15;0;21
100-15-0-3;100;15;0;22
100-15-0-4;100;15;0;45
100-15-0-5;100;15;0;33
100-15-0-6;100;15;0;40
100-15-0-7;100;15;0;52
100-15-0-8;100;15;0;34
100-15-0-9;100;15;0;43
100-15-2-0;100;15;2;42
100-15-2-1;100;15;2;36
100-15-2-2;100;15;2;9
100-15-2-3;100;15;2;46
100-15-2-4;100;15;2;44
100-15-2-5;100;15;2;36
100-15-2-6;100;15;2;22
100-15-2-7;100;15;2;36
100-15-2-8;100;15;2;33
100-15-2-9;100;15;2;46
100-15-5-0;100;15;5;32
100-15-5-1;100;15;5;37
100-15-5-2;100;15;5;25
100-15-5-3;100;15;5;31
100-15-5-4;100;15;5;46
100-15-5-5;100;15;5;26
100-15-5-6;100;15;5;39
100-15-5-7;100;15;5;9
100-15-5-8;100;15;5;28
100-15-5-9;100;15;5;40
200-5-0-0;200;5;0;195
200-5-0-1;200;5;0;77
200-5-0-2;200;5;0;210
200-5-0-3;200;5;0;181
200-5-0-4;200;5;0;164
200-5-0-5;200;5;0;188
200-5-0-6;200;5;0;177
200-5-0-7;200;5;0;201
200-5-0-8;200;5;0;179
200-5-0-9;200;5;0;218
200-5-2-0;200;5;2;64
200-5-2-1;200;5;2;154
200-5-2-2;200;5;2;186
200-5-2-3;200;5;2;174
200-5-2-4;200;5;2;176
200-5-2-5;200;5;2;183
200-5-2-6;200;5;2;140
200-5-2-7;200;5;2;181
200-5-2-8;200;5;2;161
200-5-2-9;200;5;2;143
200-5-5-0;200;5;5;174
200-5-5-1;200;5;5;112
200-5-5-2;200;5;5;157
200-5-5-3;200;5;5;170
200-5-5-4;200;5;5;192
200-5-5-5;200;5;5;130
200-5-5-6;200;5;5;171
200-5-5-7;200;5;5;166
200-5-5-8;200;5;5;71
200-5-5-9;200;5;5;56
200-10-0-0;200;10;0;198
200-10-0-1;200;10;0;181
200-10-0-2;200;10;0;133
200-10-0-3;200;10;0;181
200-10-0-4;200;10;0;154
200-10-0-5;200;10;0;194
200-10-0-6;200;10;0;178
200-10-0-7;200;10;0;150
200-10-0-8;200;10;0;162
200-10-0-9;200;10;0;184
200-10-2-0;200;10;2;170
200-10-2-1;200;10;2;152
200-10-2-2;200;10;2;135
200-10-2-3;200;10;2;173
200-10-2-4;200;10;2;115
200-10-2-5;200;10;2;67
200-10-2-6;200;10;2;132
200-10-2-7;200;10;2;105
200-10-2-8;200;10;2;13
200-10-2-9;200;10;2;186
200-10-5-0;200;10;5;147
200-10-5-1;200;10;5;88
200-10-5-2;200;10;5;77
200-10-5-3;200;10;5;68
200-10-5-4;200;10;5;147
200-10-5-5;200;10;5;120
200-10-5-6;200;10;5;168
200-10-5-7;200;10;5;108
200-10-5-8;200;10;5;162
200-10-5-9;200;10;5;135
200-15-0-0;200;15;0;224
200-15-0-1;200;15;0;160
200-15-0-2;200;15;0;19
200-15-0-3;200;15;0;155
200-15-0-4;200;15;0;131
200-15-0-5;200;15;0;34
200-15-0-6;200;15;0;167
200-15-0-7;200;15;0;173
200-15-0-8;200;15;0;150
200-15-0-9;200;15;0;170
200-15-2-0;200;15;2;121
200-15-2-1;200;15;2;116
200-15-2-2;200;15;2;133
200-15-2-3;200;15;2;92
200-15-2-4;200;15;2;153
200-15-2-5;200;15;2;194
200-15-2-6;200;15;2;154
200-15-2-7;200;15;2;144
200-15-2-8;200;15;2;165
200-15-2-9;200;15;2;183
200-15-5-0;200;15;5;107
200-15-5-1;200;15;5;166
200-15-5-2;200;15;5;79
200-15-5-3;200;15;5;36
200-15-5-4;200;15;5;101
200-15-5-5;200;15;5;74
200-15-5-6;200;15;5;11
200-15-5-7;200;15;5;72
200-15-5-8;200;15;5;169
200-15-5-9;200;15;5;142
300-5-0-0;300;5;0;415
300-5-0-1;300;5;0;261
300-5-0-2;300;5;0;419
300-5-0-3;300;5;0;403
300-5-0-4;300;5;0;367
300-5-0-5;300;5;0;192
300-5-0-6;300;5;0;357
300-5-0-7;300;5;0;430
300-5-0-8;300;5;0;427
300-5-0-9;300;5;0;400
300-5-2-0;300;5;2;602
300-5-2-1;300;5;2;370
300-5-2-2;300;5;2;245
300-5-2-3;300;5;2;364
300-5-2-4;300;5;2;319
300-5-2-5;300;5;2;402
300-5-2-6;300;5;2;290
300-5-2-7;300;5;2;506
300-5-2-8;300;5;2;382
300-5-2-9;300;5;2;356
300-5-5-0;300;5;5;391
300-5-5-1;300;5;5;290
300-5-5-2;300;5;5;157
300-5-5-3;300;5;5;313
300-5-5-4;300;5;5;273
300-5-5-5;300;5;5;286
300-5-5-6;300;5;5;297
300-5-5-7;300;5;5;320
300-5-5-8;300;5;5;387
300-5-5-9;300;5;5;415
300-10-0-0;300;10;0;387
300-10-0-1;300;10;0;388
300-10-0-2;300;10;0;390
300-10-0-3;300;10;0;359
300-10-0-4;300;10;0;401
300-10-0-5;300;10;0;386
300-10-0-6;300;10;0;361
300-10-0-7;300;10;0;379
300-10-0-8;300;10;0;390
300-10-0-9;300;10;0;364
300-10-2-0;300;10;2;375
300-10-2-1;300;10;2;315
300-10-2-2;300;10;2;127
300-10-2-3;300;10;2;309
300-10-2-4;300;10;2;356
300-10-2-5;300;10;2;103
300-10-2-6;300;10;2;41
300-10-2-7;300;10;2;318
300-10-2-8;300;10;2;406
300-10-2-9;300;10;2;323
300-10-5-0;300;10;5;287
300-10-5-1;300;10;5;334
300-10-5-2;300;10;5;272
300-10-5-3;300;10;5;233
300-10-5-4;300;10;5;315
300-10-5-5;300;10;5;277
300-10-5-6;300;10;5;276
300-10-5-7;300;10;5;189
300-10-5-8;300;10;5;209
300-10-5-9;300;10;5;382
300-15-0-0;300;15;0;630
300-15-0-1;300;15;0;406
300-15-0-2;300;15;0;413
300-15-0-3;300;15;0;378
300-15-0-4;300;15;0;129
300-15-0-5;300;15;0;372
300-15-0-6;300;15;0;366
300-15-0-7;300;15;0;380
300-15-0-8;300;15;0;354
300-15-0-9;300;15;0;358
300-15-2-0;300;15;2;310
300-15-2-1;300;15;2;365
300-15-2-2;300;15;2;203
300-15-2-3;300;15;2;376
300-15-2-4;300;15;2;162
300-15-2-5;300;15;2;404
300-15-2-6;300;15;2;362
300-15-2-7;300;15;2;390
300-15-2-8;300;15;2;351
300-15-2-9;300;15;2;357
300-15-5-0;300;15;5;332
300-15-5-1;300;15;5;251
300-15-5-2;300;15;5;337
300-15-5-3;300;15;5;204
300-15-5-4;300;15;5;139
300-15-5-5;300;15;5;72
300-15-5-6;300;15;5;358
300-15-5-7;300;15;5;386
300-15-5-8;300;15;5;374
300-15-5-9;300;15;5;254
400-5-0-0;400;5;0;677
400-5-0-1;400;5;0;1354
400-5-0-2;400;5;0;1396
400-5-0-3;400;5;0;622
400-5-0-4;400;5;0;702
400-5-0-5;400;5;0;1049
400-5-0-6;400;5;0;1171
400-5-0-7;400;5;0;1274
400-5-0-8;400;5;0;838
400-5-0-9;400;5;0;975
400-5-2-0;400;5;2;1376
400-5-2-1;400;5;2;1292
400-5-2-2;400;5;2;593
400-5-2-3;400;5;2;634
400-5-2-4;400;5;2;585
400-5-2-5;400;5;2;1035
400-5-2-6;400;5;2;734
400-5-2-7;400;5;2;955
400-5-2-8;400;5;2;631
400-5-2-9;400;5;2;666
400-5-5-0;400;5;5;745
400-5-5-1;400;5;5;651
400-5-5-2;400;5;5;725
400-5-5-3;400;5;5;549
400-5-5-4;400;5;5;695
400-5-5-5;400;5;5;622
400-5-5-6;400;5;5;824
400-5-5-7;400;5;5;410
400-5-5-8;400;5;5;512
400-5-5-9;400;5;5;596
400-10-0-0;400;10;0;862
400-10-0-1;400;10;0;490
400-10-0-2;400;10;0;600
400-10-0-3;400;10;0;167
400-10-0-4;400;10;0;382
400-10-0-5;400;10;0;468
400-10-0-6;400;10;0;684
400-10-0-7;400;10;0;729
400-10-0-8;400;10;0;438
400-10-0-9;400;10;0;683
400-10-2-0;400;10;2;841
400-10-2-1;400;10;2;572
400-10-2-2;400;10;2;575
400-10-2-3;400;10;2;572
400-10-2-4;400;10;2;278
400-10-2-5;400;10;2;651
400-10-2-6;400;10;2;1384
400-10-2-7;400;10;2;1141
400-10-2-8;400;10;2;626
400-10-2-9;400;10;2;237
400-10-5-0;400;10;5;183
400-10-5-1;400;10;5;687
400-10-5-2;400;10;5;845
400-10-5-3;400;10;5;562
400-10-5-4;400;10;5;488
400-10-5-5;400;10;5;498
400-10-5-6;400;10;5;701
400-10-5-7;400;10;5;735
400-10-5-8;400;10;5;784
400-10-5-9;400;10;5;404
400-15-0-0;400;15;0;716
400-15-0-1;400;15;0;872
400-15-0-2;400;15;0;674
400-15-0-3;400;15;0;661
400-15-0-4;400;15;0;74
400-15-0-5;400;15;0;1128
400-15-0-6;400;15;0;147
400-15-0-7;400;15;0;640
400-15-0-8;400;15;0;696
400-15-0-9;400;15;0;1077
400-15-2-0;400;15;2;646
400-15-2-1;400;15;2;286
400-15-2-2;400;15;2;516
400-15-2-3;400;15;2;398
400-15-2-4;400;15;2;582
400-15-2-5;400;15;2;670
400-15-2-6;400;15;2;808
400-15-2-7;400;15;2;805
400-15-2-8;400;15;2;248
400-15-2-9;400;15;2;686
400-15-5-0;400;15;5;475
400-15-5-1;400;15;5;450
400-15-5-2;400;15;5;58
400-15-5-3;400;15;5;244
400-15-5-4;400;15;5;98
400-15-5-5;400;15;5;42
400-15-5-6;400;15;5;662
400-15-5-7;400;15;5;601
400-15-5-8;400;15;5;244
400-15-5-9;400;15;5;578
500-5-0-0;500;5;0;1033
500-5-0-1;500;5;0;1071
500-5-0-2;500;5;0;1118
500-5-0-3;500;5;0;1183
500-5-0-4;500;5;0;1128
500-5-0-5;500;5;0;1223
500-5-0-6;500;5;0;1020
500-5-0-7;500;5;0;2032
500-5-0-8;500;5;0;1978
500-5-0-9;500;5;0;1693
500-5-2-0;500;5;2;1630
500-5-2-1;500;5;2;163
500-5-2-2;500;5;2;1848
500-5-2-3;500;5;2;1086
500-5-2-4;500;5;2;1107
500-5-2-5;500;5;2;1023
500-5-2-6;500;5;2;1131
500-5-2-7;500;5;2;1187
500-5-2-8;500;5;2;868
500-5-2-9;500;5;2;1305
500-5-5-0;500;5;5;928
500-5-5-1;500;5;5;1179
500-5-5-2;500;5;5;1093
500-5-5-3;500;5;5;1000
500-5-5-4;500;5;5;1062
500-5-5-5;500;5;5;797
500-5-5-6;500;5;5;1026
500-5-5-7;500;5;5;805
500-5-5-8;500;5;5;1073
500-5-5-9;500;5;5;1117
500-10-0-0;500;10;0;1114
500-10-0-1;500;10;0;1204
500-10-0-2;500;10;0;947
500-10-0-3;500;10;0;434
500-10-0-4;500;10;0;1043
500-10-0-5;500;10;0;619
500-10-0-6;500;10;0;919
500-10-0-7;500;10;0;1094
500-10-0-8;500;10;0;915
500-10-0-9;500;10;0;1089
500-10-2-0;500;10;2;386
500-10-2-1;500;10;2;2081
500-10-2-2;500;10;2;1276
500-10-2-3;500;10;2;2108
500-10-2-4;500;10;2;612
500-10-2-5;500;10;2;1105
500-10-2-6;500;10;2;1295
500-10-2-7;500;10;2;1105
500-10-2-8;500;10;2;523
500-10-2-9;500;10;2;1029
500-10-5-0;500;10;5;728
500-10-5-1;500;10;5;638
500-10-5-2;500;10;5;1062
500-10-5-3;500;10;5;898
500-10-5-4;500;10;5;1092
500-10-5-5;500;10;5;837
500-10-5-6;500;10;5;1300
500-10-5-7;500;10;5;981
500-10-5-8;500;10;5;944
500-10-5-9;500;10;5;1001
500-15-0-0;500;15;0;1500
500-15-0-1;500;15;0;1094
500-15-0-2;500;15;0;1239
500-15-0-3;500;15;0;682
500-15-0-4;500;15;0;1047
500-15-0-5;500;15;0;649
500-15-0-6;500;15;0;1091
500-15-0-7;500;15;0;1319
500-15-0-8;500;15;0;1546
500-15-0-9;500;15;0;1990
500-15-2-0;500;15;2;1082
500-15-2-1;500;15;2;729
500-15-2-2;500;15;2;1229
500-15-2-3;500;15;2;193
500-15-2-4;500;15;2;1120
500-15-2-5;500;15;2;364
500-15-2-6;500;15;2;1171
500-15-2-7;500;15;2;1276
500-15-2-8;500;15;2;1046
500-15-2-9;500;15;2;1768
500-15-5-0;500;15;5;466
500-15-5-1;500;15;5;728
500-15-5-2;500;15;5;175
500-15-5-3;500;15;5;671
500-15-5-4;500;15;5;1063
500-15-5-5;500;15;5;1108
500-15-5-6;500;15;5;1049
500-15-5-7;500;15;5;992
500-15-5-8;500;15;5;1287
500-15-5-9;500;15;5;610
1000-5-0-0;1000;5;0;4817
1000-5-0-1;1000;5;0;6377
1000-5-0-2;1000;5;0;6316
1000-5-0-3;1000;5;0;5836
1000-5-0-4;1000;5;0;6771
1000-5-0-5;1000;5;0;5992
1000-5-0-6;1000;5;0;6201
1000-5-0-7;1000;5;0;7480
1000-5-0-8;1000;5;0;7187
1000-5-0-9;1000;5;0;3663
1000-5-2-0;1000;5;2;4753
1000-5-2-1;1000;5;2;5226
1000-5-2-2;1000;5;2;5315
1000-5-2-3;1000;5;2;3223
1000-5-2-4;1000;5;2;7093
1000-5-2-5;1000;5;2;5159
1000-5-2-6;1000;5;2;865
1000-5-2-7;1000;5;2;4492
1000-5-2-8;1000;5;2;4514
1000-5-2-9;1000;5;2;4744
1000-5-5-0;1000;5;5;4373
1000-5-5-1;1000;5;5;4762
1000-5-5-2;1000;5;5;2595
1000-5-5-3;1000;5;5;5021
1000-5-5-4;1000;5;5;4241
1000-5-5-5;1000;5;5;4141
1000-5-5-6;1000;5;5;5903
1000-5-5-7;1000;5;5;4006
1000-5-5-8;1000;5;5;4532
1000-5-5-9;1000;5;5;4241
1000-10-0-0;1000;10;0;4528
1000-10-0-1;1000;10;0;6787
1000-10-0-2;1000;10;0;6334
1000-10-0-3;1000;10;0;5137
1000-10-0-4;1000;10;0;5419
1000-10-0-5;1000;10;0;6707
1000-10-0-6;1000;10;0;4614
1000-10-0-7;1000;10;0;4633
1000-10-0-8;1000;10;0;7046
1000-10-0-9;1000;10;0;2341
1000-10-2-0;1000;10;2;1204
1000-10-2-1;1000;10;2;6007
1000-10-2-2;1000;10;2;6723
1000-10-2-3;1000;10;2;4688
1000-10-2-4;1000;10;2;1335
1000-10-2-5;1000;10;2;4147
1000-10-2-6;1000;10;2;6295
1000-10-2-7;1000;10;2;6923
1000-10-2-8;1000;10;2;5042
1000-10-2-9;1000;10;2;6554
1000-10-5-0;1000;10;5;6895
1000-10-5-1;1000;10;5;1641
1000-10-5-2;1000;10;5;3569
1000-10-5-3;1000;10;5;519
1000-10-5-4;1000;10;5;2893
1000-10-5-5;1000;10;5;3134
1000-10-5-6;1000;10;5;4736
1000-10-5-7;1000;10;5;499
1000-10-5-8;1000;10;5;668
1000-10-5-9;1000;10;5;3704
1000-15-0-0;1000;15;0;6888
1000-15-0-1;1000;15;0;5429
1000-15-0-2;1000;15;0;6052
1000-15-0-3;1000;15;0;922
1000-15-0-4;1000;15;0;5053
1000-15-0-5;1000;15;0;4991
1000-15-0-6;1000;15;0;5069
1000-15-0-7;1000;15;0;7131
1000-15-0-8;1000;15;0;4708
1000-15-0-9;1000;15;0;5062
1000-15-2-0;1000;15;2;4835
1000-15-2-1;1000;15;2;4460
1000-15-2-2;1000;15;2;1944
1000-15-2-3;1000;15;2;4720
1000-15-2-4;1000;15;2;456
1000-15-2-5;1000;15;2;7094
1000-15-2-6;1000;15;2;5009
1000-15-2-7;1000;15;2;4502
1000-15-2-8;1000;15;2;7671
1000-15-2-9;1000;15;2;817
1000-15-5-0;1000;15;5;984
1000-15-5-1;1000;15;5;1902
1000-15-5-2;1000;15;5;960
1000-15-5-3;1000;15;5;4075
1000-15-5-4;1000;15;5;1633
1000-15-5-5;1000;15;5;4968
1000-15-5-6;1000;15;5;1068
1000-15-5-7;1000;15;5;479
1000-15-5-8;1000;15;5;5087
1000-15-5-9;1000;15;5;1192
2000-5-0-0;2000;5;0;22124
2000-5-0-1;2000;5;0;25459
2000-5-0-2;2000;5;0;21138
2000-5-0-3;2000;5;0;22898
2000-5-0-4;2000;5;0;23283
2000-5-0-5;2000;5;0;25075
2000-5-0-6;2000;5;0;25977
2000-5-0-7;2000;5;0;20985
2000-5-0-8;2000;5;0;20759
2000-5-0-9;2000;5;0;21848
2000-5-2-0;2000;5;2;25402
2000-5-2-1;2000;5;2;17380
2000-5-2-2;2000;5;2;18925
2000-5-2-3;2000;5;2;25168
2000-5-2-4;2000;5;2;27302
2000-5-2-5;2000;5;2;21726
2000-5-2-6;2000;5;2;22667
2000-5-2-7;2000;5;2;11604
2000-5-2-8;2000;5;2;19497
2000-5-2-9;2000;5;2;20847
2000-5-5-0;2000;5;5;6620
2000-5-5-1;2000;5;5;25195
2000-5-5-2;2000;5;5;13237
2000-5-5-3;2000;5;5;24633
2000-5-5-4;2000;5;5;24128
2000-5-5-5;2000;5;5;15205
2000-5-5-6;2000;5;5;16147
2000-5-5-7;2000;5;5;19256
2000-5-5-8;2000;5;5;16936
2000-5-5-9;2000;5;5;19804
2000-10-0-0;2000;10;0;22277
2000-10-0-1;2000;10;0;25229
2000-10-0-2;2000;10;0;22210
2000-10-0-3;2000;10;0;25284
2000-10-0-4;2000;10;0;12704
2000-10-0-5;2000;10;0;20720
2000-10-0-6;2000;10;0;23081
2000-10-0-7;2000;10;0;21827
2000-10-0-8;2000;10;0;22908
2000-10-0-9;2000;10;0;22269
2000-10-2-0;2000;10;2;21561
2000-10-2-1;2000;10;2;21793
2000-10-2-2;2000;10;2;23547
2000-10-2-3;2000;10;2;8478
