10-5-0-0;10;5;0;33
10-5-0-1;10;5;0;34
10-5-0-2;10;5;0;15
10-5-0-3;10;5;0;23
10-5-0-4;10;5;0;36
10-5-0-5;10;5;0;14
10-5-0-6;10;5;0;20
10-5-0-7;10;5;0;33
10-5-0-8;10;5;0;15
10-5-0-9;10;5;0;5
10-5-2-0;10;5;2;9
10-5-2-1;10;5;2;3
10-5-2-2;10;5;2;13
10-5-2-3;10;5;2;7
10-5-2-4;10;5;2;10
10-5-2-5;10;5;2;10
10-5-2-6;10;5;2;10
10-5-2-7;10;5;2;12
10-5-2-8;10;5;2;14
10-5-2-9;10;5;2;2
10-5-5-0;10;5;5;10
10-5-5-1;10;5;5;2
10-5-5-2;10;5;5;11
10-5-5-3;10;5;5;7
10-5-5-4;10;5;5;2
10-5-5-5;10;5;5;3
10-5-5-6;10;5;5;9
10-5-5-7;10;5;5;4
10-5-5-8;10;5;5;3
10-5-5-9;10;5;5;6
10-10-0-0;10;10;0;13
10-10-0-1;10;10;0;7
10-10-0-2;10;10;0;2
10-10-0-3;10;10;0;8
10-10-0-4;10;10;0;5
10-10-0-5;10;10;0;8
10-10-0-6;10;10;0;6
10-10-0-7;10;10;0;2
10-10-0-8;10;10;0;8
10-10-0-9;10;10;0;3
10-10-2-0;10;10;2;5
10-10-2-1;10;10;2;6
10-10-2-2;10;10;2;5
10-10-2-3;10;10;2;2
10-10-2-4;10;10;2;4
10-10-2-5;10;10;2;3
10-10-2-6;10;10;2;4
10-10-2-7;10;10;2;2
10-10-2-8;10;10;2;3
10-10-2-9;10;10;2;3
10-10-5-0;10;10;5;5
10-10-5-1;10;10;5;1
10-10-5-2;10;10;5;1
10-10-5-3;10;10;5;4
10-10-5-4;10;10;5;2
10-10-5-5;10;10;5;1
10-10-5-6;10;10;5;3
10-10-5-7;10;10;5;2
10-10-5-8;10;10;5;2
10-10-5-9;10;10;5;2
10-15-0-0;10;15;0;1
10-15-0-1;10;15;0;5
10-15-0-2;10;15;0;3
10-15-0-3;10;15;0;6
10-15-0-4;10;15;0;2
10-15-0-5;10;15;0;3
10-15-0-6;10;15;0;3
10-15-0-7;10;15;0;5
10-15-0-8;10;15;0;3
10-15-0-9;10;15;0;4
10-15-2-0;10;15;2;3
10-15-2-1;10;15;2;2
10-15-2-2;10;15;2;3
10-15-2-3;10;15;2;4
10-15-2-4;10;15;2;3
10-15-2-5;10;15;2;3
10-15-2-6;10;15;2;2
10-15-2-7;10;15;2;2
10-15-2-8;10;15;2;2
10-15-2-9;10;15;2;3
10-15-5-0;10;15;5;3
10-15-5-1;10;15;5;2
10-15-5-2;10;15;5;1
10-15-5-3;10;15;5;1
10-15-5-4;10;15;5;2
10-15-5-5;10;15;5;3
10-15-5-6;10;15;5;2
10-15-5-7;10;15;5;1
10-15-5-8;10;15;5;2
10-15-5-9;10;15;5;2
20-5-0-0;20;5;0;9
20-5-0-1;20;5;0;6
20-5-0-2;20;5;0;10
20-5-0-3;20;5;0;4
20-5-0-4;20;5;0;7
20-5-0-5;20;5;0;6
20-5-0-6;20;5;0;5
20-5-0-7;20;5;0;9
20-5-0-8;20;5;0;6
20-5-0-9;20;5;0;3
20-5-2-0;20;5;2;5
20-5-2-1;20;5;2;4
20-5-2-2;20;5;2;8
20-5-2-3;20;5;2;10
20-5-2-4;20;5;2;6
20-5-2-5;20;5;2;6
20-5-2-6;20;5;2;2
20-5-2-7;20;5;2;7
20-5-2-8;20;5;2;6
20-5-2-9;20;5;2;7
20-5-5-0;20;5;5;4
20-5-5-1;20;5;5;1
20-5-5-2;20;5;5;3
20-5-5-3;20;5;5;5
20-5-5-4;20;5;5;2
20-5-5-5;20;5;5;3
20-5-5-6;20;5;5;5
20-5-5-7;20;5;5;6
20-5-5-8;20;5;5;3
20-5-5-9;20;5;5;7
20-10-0-0;20;10;0;7
20-10-0-1;20;10;0;8
20-10-0-2;20;10;0;7
20-10-0-3;20;10;0;5
20-10-0-4;20;10;0;6
20-10-0-5;20;10;0;6
20-10-0-6;20;10;0;6
20-10-0-7;20;10;0;5
20-10-0-8;20;10;0;9
20-10-0-9;20;10;0;4
20-10-2-0;20;10;2;3
20-10-2-1;20;10;2;5
20-10-2-2;20;10;2;5
20-10-2-3;20;10;2;2
20-10-2-4;20;10;2;0
20-10-2-5;20;10;2;1
20-10-2-6;20;10;2;6
20-10-2-7;20;10;2;3
20-10-2-8;20;10;2;8
20-10-2-9;20;10;2;4
20-10-5-0;20;10;5;5
20-10-5-1;20;10;5;4
20-10-5-2;20;10;5;4
20-10-5-3;20;10;5;4
20-10-5-4;20;10;5;5
20-10-5-5;20;10;5;1
20-10-5-6;20;10;5;6
20-10-5-7;20;10;5;5
20-10-5-8;20;10;5;3
20-10-5-9;20;10;5;4
20-15-0-0;20;15;0;7
20-15-0-1;20;15;0;1
20-15-0-2;20;15;0;5
20-15-0-3;20;15;0;1
20-15-0-4;20;15;0;3
20-15-0-5;20;15;0;3
20-15-0-6;20;15;0;6
20-15-0-7;20;15;0;7
20-15-0-8;20;15;0;5
20-15-0-9;20;15;0;3
20-15-2-0;20;15;2;4
20-15-2-1;20;15;2;7
20-15-2-2;20;15;2;4
20-15-2-3;20;15;2;3
20-15-2-4;20;15;2;5
20-15-2-5;20;15;2;2
20-15-2-6;20;15;2;3
20-15-2-7;20;15;2;4
20-15-2-8;20;15;2;4
20-15-2-9;20;15;2;3
20-15-5-0;20;15;5;2
20-15-5-1;20;15;5;4
20-15-5-2;20;15;5;1
20-15-5-3;20;15;5;2
20-15-5-4;20;15;5;4
20-15-5-5;20;15;5;1
20-15-5-6;20;15;5;2
20-15-5-7;20;15;5;3
20-15-5-8;20;15;5;4
20-15-5-9;20;15;5;3
30-5-0-0;30;5;0;10
30-5-0-1;30;5;0;9
30-5-0-2;30;5;0;10
30-5-0-3;30;5;0;12
30-5-0-4;30;5;0;6
30-5-0-5;30;5;0;12
30-5-0-6;30;5;0;6
30-5-0-7;30;5;0;8
30-5-0-8;30;5;0;7
30-5-0-9;30;5;0;10
30-5-2-0;30;5;2;8
30-5-2-1;30;5;2;7
30-5-2-2;30;5;2;2
30-5-2-3;30;5;2;13
30-5-2-4;30;5;2;8
30-5-2-5;30;5;2;9
30-5-2-6;30;5;2;11
30-5-2-7;30;5;2;3
30-5-2-8;30;5;2;9
30-5-2-9;30;5;2;11
30-5-5-0;30;5;5;6
30-5-5-1;30;5;5;6
30-5-5-2;30;5;5;4
30-5-5-3;30;5;5;1
30-5-5-4;30;5;5;5
30-5-5-5;30;5;5;3
30-5-5-6;30;5;5;3
30-5-5-7;30;5;5;5
30-5-5-8;30;5;5;5
30-5-5-9;30;5;5;5
30-10-0-0;30;10;0;7
30-10-0-1;30;10;0;10
30-10-0-2;30;10;0;2
30-10-0-3;30;10;0;10
30-10-0-4;30;10;0;8
30-10-0-5;30;10;0;4
30-10-0-6;30;10;0;8
30-10-0-7;30;10;0;12
30-10-0-8;30;10;0;8
30-10-0-9;30;10;0;10
30-10-2-0;30;10;2;4
30-10-2-1;30;10;2;5
30-10-2-2;30;10;2;4
30-10-2-3;30;10;2;10
30-10-2-4;30;10;2;8
30-10-2-5;30;10;2;10
30-10-2-6;30;10;2;7
30-10-2-7;30;10;2;4
30-10-2-8;30;10;2;5
30-10-2-9;30;10;2;10
30-10-5-0;30;10;5;4
30-10-5-1;30;10;5;6
30-10-5-2;30;10;5;9
30-10-5-3;30;10;5;5
30-10-5-4;30;10;5;6
30-10-5-5;30;10;5;11
30-10-5-6;30;10;5;9
30-10-5-7;30;10;5;9
30-10-5-8;30;10;5;8
30-10-5-9;30;10;5;7
30-15-0-0;30;15;0;10
30-15-0-1;30;15;0;9
30-15-0-2;30;15;0;9
30-15-0-3;30;15;0;6
30-15-0-4;30;15;0;6
30-15-0-5;30;15;0;10
30-15-0-6;30;15;0;7
30-15-0-7;30;15;0;9
30-15-0-8;30;15;0;9
30-15-0-9;30;15;0;8
30-15-2-0;30;15;2;8
30-15-2-1;30;15;2;6
30-15-2-2;30;15;2;8
30-15-2-3;30;15;2;8
30-15-2-4;30;15;2;7
30-15-2-5;30;15;2;8
30-15-2-6;30;15;2;8
30-15-2-7;30;15;2;6
30-15-2-8;30;15;2;3
30-15-2-9;30;15;2;6
30-15-5-0;30;15;5;3
30-15-5-1;30;15;5;6
30-15-5-2;30;15;5;3
30-15-5-3;30;15;5;4
30-15-5-4;30;15;5;9
30-15-5-5;30;15;5;4
30-15-5-6;30;15;5;1
30-15-5-7;30;15;5;5
30-15-5-8;30;15;5;3
30-15-5-9;30;15;5;5
50-5-0-0;50;5;0;139
50-5-0-1;50;5;0;60
50-5-0-2;50;5;0;70
50-5-0-3;50;5;0;28
50-5-0-4;50;5;0;28
50-5-0-5;50;5;0;23
50-5-0-6;50;5;0;21
50-5-0-7;50;5;0;19
50-5-0-8;50;5;0;21
50-5-0-9;50;5;0;24
50-5-2-0;50;5;2;20
50-5-2-1;50;5;2;23
50-5-2-2;50;5;2;19
50-5-2-3;50;5;2;17
50-5-2-4;50;5;2;8
50-5-2-5;50;5;2;13
50-5-2-6;50;5;2;19
50-5-2-7;50;5;2;15
50-5-2-8;50;5;2;21
50-5-2-9;50;5;2;16
50-5-5-0;50;5;5;19
50-5-5-1;50;5;5;8
50-5-5-2;50;5;5;14
50-5-5-3;50;5;5;19
50-5-5-4;50;5;5;19
50-5-5-5;50;5;5;19
50-5-5-6;50;5;5;14
50-5-5-7;50;5;5;20
50-5-5-8;50;5;5;17
50-5-5-9;50;5;5;14
50-10-0-0;50;10;0;9
50-10-0-1;50;10;0;16
50-10-0-2;50;10;0;21
50-10-0-3;50;10;0;20
50-10-0-4;50;10;0;17
50-10-0-5;50;10;0;22
50-10-0-6;50;10;0;3
50-10-0-7;50;10;0;12
50-10-0-8;50;10;0;11
50-10-0-9;50;10;0;19
50-10-2-0;50;10;2;8
50-10-2-1;50;10;2;17
50-10-2-2;50;10;2;2
50-10-2-3;50;10;2;16
50-10-2-4;50;10;2;10
50-10-2-5;50;10;2;18
50-10-2-6;50;10;2;10
50-10-2-7;50;10;2;16
50-10-2-8;50;10;2;8
50-10-2-9;50;10;2;20
50-10-5-0;50;10;5;16
50-10-5-1;50;10;5;13
50-10-5-2;50;10;5;12
50-10-5-3;50;10;5;14
50-10-5-4;50;10;5;15
50-10-5-5;50;10;5;8
50-10-5-6;50;10;5;15
50-10-5-7;50;10;5;17
50-10-5-8;50;10;5;13
50-10-5-9;50;10;5;18
50-15-0-0;50;15;0;2
50-15-0-1;50;15;0;18
50-15-0-2;50;15;0;16
50-15-0-3;50;15;0;12
50-15-0-4;50;15;0;8
50-15-0-5;50;15;0;17
50-15-0-6;50;15;0;17
50-15-0-7;50;15;0;20
50-15-0-8;50;15;0;18
50-15-0-9;50;15;0;18
50-15-2-0;50;15;2;8
50-15-2-1;50;15;2;26
50-15-2-2;50;15;2;21
50-15-2-3;50;15;2;18
50-15-2-4;50;15;2;18
50-15-2-5;50;15;2;14
50-15-2-6;50;15;2;13
50-15-2-7;50;15;2;17
50-15-2-8;50;15;2;18
50-15-2-9;50;15;2;7
50-15-5-0;50;15;5;21
50-15-5-1;50;15;5;19
50-15-5-2;50;15;5;9
50-15-5-3;50;15;5;9
50-15-5-4;50;15;5;2
50-15-5-5;50;15;5;2
50-15-5-6;50;15;5;13
50-15-5-7;50;15;5;11
50-15-5-8;50;15;5;12
50-15-5-9;50;15;5;18
100-5-0-0;100;5;0;92
100-5-0-1;100;5;0;46
100-5-0-2;100;5;0;38
100-5-0-3;100;5;0;44
100-5-0-4;100;5;0;48
100-5-0-5;100;5;0;47
100-5-0-6;100;5;0;46
100-5-0-7;100;5;0;48
100-5-0-8;100;5;0;56
100-5-0-9;100;5;0;42
100-5-2-0;100;5;2;47
100-5-2-1;100;5;2;34
100-5-2-2;100;5;2;65
100-5-2-3;100;5;2;43
100-5-2-4;100;5;2;48
100-5-2-5;100;5;2;74
100-5-2-6;100;5;2;46
100-5-2-7;100;5;2;38
100-5-2-8;100;5;2;37
100-5-2-9;100;5;2;12
100-5-5-0;100;5;5;40
100-5-5-1;100;5;5;40
100-5-5-2;100;5;5;36
100-5-5-3;100;5;5;25
100-5-5-4;100;5;5;41
100-5-5-5;100;5;5;46
100-5-5-6;100;5;5;37
100-5-5-7;100;5;5;26
100-5-5-8;100;5;5;35
100-5-5-9;100;5;5;59
100-10-0-0;100;10;0;63
100-10-0-1;100;10;0;34
100-10-0-2;100;10;0;55
100-10-0-3;100;10;0;43
100-10-0-4;100;10;0;39
100-10-0-5;100;10;0;12
100-10-0-6;100;10;0;41
100-10-0-7;100;10;0;44
100-10-0-8;100;10;0;26
100-10-0-9;100;10;0;21
100-10-2-0;100;10;2;41
100-10-2-1;100;10;2;14
100-10-2-2;100;10;2;42
100-10-2-3;100;10;2;34
100-10-2-4;100;10;2;43
100-10-2-5;100;10;2;40
100-10-2-6;100;10;2;35
100-10-2-7;100;10;2;43
100-10-2-8;100;10;2;28
100-10-2-9;100;10;2;52
100-10-5-0;100;10;5;29
100-10-5-1;100;10;5;17
100-10-5-2;100;10;5;21
100-10-5-3;100;10;5;42
100-10-5-4;100;10;5;29
100-10-5-5;100;10;5;20
100-10-5-6;100;10;5;31
100-10-5-7;100;10;5;43
100-10-5-8;100;10;5;2
100-10-5-9;100;10;5;30
100-15-0-0;100;15;0;30
100-15-0-1;100;15;0;59
100-15-0-2;100;15;0;22
100-15-0-3;100;15;0;22
100-15-0-4;100;15;0;71
100-15-0-5;100;15;0;35
100-15-0-6;100;15;0;41
100-15-0-7;100;15;0;35
100-15-0-8;100;15;0;36
100-15-0-9;100;15;0;44
100-15-2-0;100;15;2;43
100-15-2-1;100;15;2;37
100-15-2-2;100;15;2;9
100-15-2-3;100;15;2;47
100-15-2-4;100;15;2;44
100-15-2-5;100;15;2;38
100-15-2-6;100;15;2;22
100-15-2-7;100;15;2;39
100-15-2-8;100;15;2;34
100-15-2-9;100;15;2;44
100-15-5-0;100;15;5;34
100-15-5-1;100;15;5;36
100-15-5-2;100;15;5;25
100-15-5-3;100;15;5;49
100-15-5-4;100;15;5;70
100-15-5-5;100;15;5;27
100-15-5-6;100;15;5;44
100-15-5-7;100;15;5;9
100-15-5-8;100;15;5;30
100-15-5-9;100;15;5;38
200-5-0-0;200;5;0;210
200-5-0-1;200;5;0;31
200-5-0-2;200;5;0;194
200-5-0-3;200;5;0;183
200-5-0-4;200;5;0;164
200-5-0-5;200;5;0;196
200-5-0-6;200;5;0;177
200-5-0-7;200;5;0;204
200-5-0-8;200;5;0;186
200-5-0-9;200;5;0;193
200-5-2-0;200;5;2;67
200-5-2-1;200;5;2;154
200-5-2-2;200;5;2;190
200-5-2-3;200;5;2;159
200-5-2-4;200;5;2;226
200-5-2-5;200;5;2;176
200-5-2-6;200;5;2;143
200-5-2-7;200;5;2;186
200-5-2-8;200;5;2;182
200-5-2-9;200;5;2;150
200-5-5-0;200;5;5;185
200-5-5-1;200;5;5;120
200-5-5-2;200;5;5;160
200-5-5-3;200;5;5;174
200-5-5-4;200;5;5;199
200-5-5-5;200;5;5;130
200-5-5-6;200;5;5;173
200-5-5-7;200;5;5;165
200-5-5-8;200;5;5;73
200-5-5-9;200;5;5;58
200-10-0-0;200;10;0;214
200-10-0-1;200;10;0;181
200-10-0-2;200;10;0;136
200-10-0-3;200;10;0;173
200-10-0-4;200;10;0;156
200-10-0-5;200;10;0;196
200-10-0-6;200;10;0;178
200-10-0-7;200;10;0;154
200-10-0-8;200;10;0;197
200-10-0-9;200;10;0;185
200-10-2-0;200;10;2;170
200-10-2-1;200;10;2;155
200-10-2-2;200;10;2;134
200-10-2-3;200;10;2;172
200-10-2-4;200;10;2;116
200-10-2-5;200;10;2;70
200-10-2-6;200;10;2;130
200-10-2-7;200;10;2;101
200-10-2-8;200;10;2;14
200-10-2-9;200;10;2;192
200-10-5-0;200;10;5;145
200-10-5-1;200;10;5;86
200-10-5-2;200;10;5;125
200-10-5-3;200;10;5;66
200-10-5-4;200;10;5;153
200-10-5-5;200;10;5;126
200-10-5-6;200;10;5;175
200-10-5-7;200;10;5;112
200-10-5-8;200;10;5;168
200-10-5-9;200;10;5;139
200-15-0-0;200;15;0;164
200-15-0-1;200;15;0;165
200-15-0-2;200;15;0;20
200-15-0-3;200;15;0;162
200-15-0-4;200;15;0;135
200-15-0-5;200;15;0;35
200-15-0-6;200;15;0;175
200-15-0-7;200;15;0;172
200-15-0-8;200;15;0;150
200-15-0-9;200;15;0;176
200-15-2-0;200;15;2;124
200-15-2-1;200;15;2;121
200-15-2-2;200;15;2;132
200-15-2-3;200;15;2;96
200-15-2-4;200;15;2;155
200-15-2-5;200;15;2;196
200-15-2-6;200;15;2;153
200-15-2-7;200;15;2;167
200-15-2-8;200;15;2;164
200-15-2-9;200;15;2;181
200-15-5-0;200;15;5;104
200-15-5-1;200;15;5;170
200-15-5-2;200;15;5;81
200-15-5-3;200;15;5;38
200-15-5-4;200;15;5;112
200-15-5-5;200;15;5;78
200-15-5-6;200;15;5;12
200-15-5-7;200;15;5;77
200-15-5-8;200;15;5;189
200-15-5-9;200;15;5;146
300-5-0-0;300;5;0;365
300-5-0-1;300;5;0;262
300-5-0-2;300;5;0;491
300-5-0-3;300;5;0;419
300-5-0-4;300;5;0;514
300-5-0-5;300;5;0;201
300-5-0-6;300;5;0;361
300-5-0-7;300;5;0;438
300-5-0-8;300;5;0;596
300-5-0-9;300;5;0;276
300-5-2-0;300;5;2;444
300-5-2-1;300;5;2;378
300-5-2-2;300;5;2;254
300-5-2-3;300;5;2;406
300-5-2-4;300;5;2;341
300-5-2-5;300;5;2;417
300-5-2-6;300;5;2;317
300-5-2-7;300;5;2;679
300-5-2-8;300;5;2;383
300-5-2-9;300;5;2;395
300-5-5-0;300;5;5;466
300-5-5-1;300;5;5;376
300-5-5-2;300;5;5;168
300-5-5-3;300;5;5;443
300-5-5-4;300;5;5;284
300-5-5-5;300;5;5;298
300-5-5-6;300;5;5;396
300-5-5-7;300;5;5;326
300-5-5-8;300;5;5;390
300-5-5-9;300;5;5;531
300-10-0-0;300;10;0;553
300-10-0-1;300;10;0;416
300-10-0-2;300;10;0;421
300-10-0-3;300;10;0;360
300-10-0-4;300;10;0;404
300-10-0-5;300;10;0;436
300-10-0-6;300;10;0;373
300-10-0-7;300;10;0;437
300-10-0-8;300;10;0;410
300-10-0-9;300;10;0;364
300-10-2-0;300;10;2;488
300-10-2-1;300;10;2;292
300-10-2-2;300;10;2;132
300-10-2-3;300;10;2;319
300-10-2-4;300;10;2;369
300-10-2-5;300;10;2;116
300-10-2-6;300;10;2;44
300-10-2-7;300;10;2;479
300-10-2-8;300;10;2;407
300-10-2-9;300;10;2;488
300-10-5-0;300;10;5;296
300-10-5-1;300;10;5;336
300-10-5-2;300;10;5;434
300-10-5-3;300;10;5;315
300-10-5-4;300;10;5;408
300-10-5-5;300;10;5;278
300-10-5-6;300;10;5;276
300-10-5-7;300;10;5;195
300-10-5-8;300;10;5;208
300-10-5-9;300;10;5;389
300-15-0-0;300;15;0;343
300-15-0-1;300;15;0;428
300-15-0-2;300;15;0;542
300-15-0-3;300;15;0;407
300-15-0-4;300;15;0;135
300-15-0-5;300;15;0;440
300-15-0-6;300;15;0;368
300-15-0-7;300;15;0;385
300-15-0-8;300;15;0;356
300-15-0-9;300;15;0;361
300-15-2-0;300;15;2;421
300-15-2-1;300;15;2;380
300-15-2-2;300;15;2;203
300-15-2-3;300;15;2;270
300-15-2-4;300;15;2;203
300-15-2-5;300;15;2;412
300-15-2-6;300;15;2;371
300-15-2-7;300;15;2;413
300-15-2-8;300;15;2;353
300-15-2-9;300;15;2;537
300-15-5-0;300;15;5;309
300-15-5-1;300;15;5;250
300-15-5-2;300;15;5;340
300-15-5-3;300;15;5;200
300-15-5-4;300;15;5;145
300-15-5-5;300;15;5;79
300-15-5-6;300;15;5;362
300-15-5-7;300;15;5;429
300-15-5-8;300;15;5;528
300-15-5-9;300;15;5;255
400-5-0-0;400;5;0;827
400-5-0-1;400;5;0;873
400-5-0-2;400;5;0;953
400-5-0-3;400;5;0;858
400-5-0-4;400;5;0;772
400-5-0-5;400;5;0;692
400-5-0-6;400;5;0;742
400-5-0-7;400;5;0;851
400-5-0-8;400;5;0;788
400-5-0-9;400;5;0;908
400-5-2-0;400;5;2;760
400-5-2-1;400;5;2;793
400-5-2-2;400;5;2;597
400-5-2-3;400;5;2;705
400-5-2-4;400;5;2;626
400-5-2-5;400;5;2;670
400-5-2-6;400;5;2;592
400-5-2-7;400;5;2;686
400-5-2-8;400;5;2;823
400-5-2-9;400;5;2;856
400-5-5-0;400;5;5;871
400-5-5-1;400;5;5;610
400-5-5-2;400;5;5;730
400-5-5-3;400;5;5;740
400-5-5-4;400;5;5;700
400-5-5-5;400;5;5;641
400-5-5-6;400;5;5;843
400-5-5-7;400;5;5;411
400-5-5-8;400;5;5;532
400-5-5-9;400;5;5;585
400-10-0-0;400;10;0;858
400-10-0-1;400;10;0;418
400-10-0-2;400;10;0;654
400-10-0-3;400;10;0;176
400-10-0-4;400;10;0;496
400-10-0-5;400;10;0;459
400-10-0-6;400;10;0;689
400-10-0-7;400;10;0;781
400-10-0-8;400;10;0;594
400-10-0-9;400;10;0;704
400-10-2-0;400;10;2;717
400-10-2-1;400;10;2;614
400-10-2-2;400;10;2;574
400-10-2-3;400;10;2;760
400-10-2-4;400;10;2;338
400-10-2-5;400;10;2;651
400-10-2-6;400;10;2;892
400-10-2-7;400;10;2;859
400-10-2-8;400;10;2;804
400-10-2-9;400;10;2;250
400-10-5-0;400;10;5;248
400-10-5-1;400;10;5;682
400-10-5-2;400;10;5;796
400-10-5-3;400;10;5;576
400-10-5-4;400;10;5;629
400-10-5-5;400;10;5;514
400-10-5-6;400;10;5;705
400-10-5-7;400;10;5;912
400-10-5-8;400;10;5;481
400-10-5-9;400;10;5;472
400-15-0-0;400;15;0;698
400-15-0-1;400;15;0;874
400-15-0-2;400;15;0;763
400-15-0-3;400;15;0;744
400-15-0-4;400;15;0;78
400-15-0-5;400;15;0;710
400-15-0-6;400;15;0;151
400-15-0-7;400;15;0;637
400-15-0-8;400;15;0;703
400-15-0-9;400;15;0;895
400-15-2-0;400;15;2;824
400-15-2-1;400;15;2;279
400-15-2-2;400;15;2;593
400-15-2-3;400;15;2;414
400-15-2-4;400;15;2;725
400-15-2-5;400;15;2;865
400-15-2-6;400;15;2;931
400-15-2-7;400;15;2;655
400-15-2-8;400;15;2;249
400-15-2-9;400;15;2;762
400-15-5-0;400;15;5;492
400-15-5-1;400;15;5;468
400-15-5-2;400;15;5;37
400-15-5-3;400;15;5;254
400-15-5-4;400;15;5;105
400-15-5-5;400;15;5;46
400-15-5-6;400;15;5;715
400-15-5-7;400;15;5;713
400-15-5-8;400;15;5;258
400-15-5-9;400;15;5;424
500-5-0-0;500;5;0;1016
500-5-0-1;500;5;0;1246
500-5-0-2;500;5;0;1292
500-5-0-3;500;5;0;1295
500-5-0-4;500;5;0;1255
500-5-0-5;500;5;0;1255
500-5-0-6;500;5;0;1075
500-5-0-7;500;5;0;1068
500-5-0-8;500;5;0;1316
500-5-0-9;500;5;0;1193
500-5-2-0;500;5;2;1178
500-5-2-1;500;5;2;197
500-5-2-2;500;5;2;1218
500-5-2-3;500;5;2;940
500-5-2-4;500;5;2;1245
500-5-2-5;500;5;2;1062
500-5-2-6;500;5;2;1052
500-5-2-7;500;5;2;1229
500-5-2-8;500;5;2;897
500-5-2-9;500;5;2;1125
500-5-5-0;500;5;5;1067
500-5-5-1;500;5;5;1139
500-5-5-2;500;5;5;1022
500-5-5-3;500;5;5;1009
500-5-5-4;500;5;5;1156
500-5-5-5;500;5;5;867
500-5-5-6;500;5;5;1260
500-5-5-7;500;5;5;893
500-5-5-8;500;5;5;1089
500-5-5-9;500;5;5;998
500-10-0-0;500;10;0;1257
500-10-0-1;500;10;0;1131
500-10-0-2;500;10;0;961
500-10-0-3;500;10;0;614
500-10-0-4;500;10;0;1206
500-10-0-5;500;10;0;674
500-10-0-6;500;10;0;1105
500-10-0-7;500;10;0;1103
500-10-0-8;500;10;0;981
500-10-0-9;500;10;0;1237
500-10-2-0;500;10;2;581
500-10-2-1;500;10;2;959
500-10-2-2;500;10;2;1086
500-10-2-3;500;10;2;1316
500-10-2-4;500;10;2;813
500-10-2-5;500;10;2;1129
500-10-2-6;500;10;2;1298
500-10-2-7;500;10;2;1294
500-10-2-8;500;10;2;662
500-10-2-9;500;10;2;1078
500-10-5-0;500;10;5;762
500-10-5-1;500;10;5;788
500-10-5-2;500;10;5;1073
500-10-5-3;500;10;5;964
500-10-5-4;500;10;5;1266
500-10-5-5;500;10;5;874
500-10-5-6;500;10;5;1090
500-10-5-7;500;10;5;1162
500-10-5-8;500;10;5;986
500-10-5-9;500;10;5;1166
500-15-0-0;500;15;0;959
500-15-0-1;500;15;0;1208
500-15-0-2;500;15;0;1127
500-15-0-3;500;15;0;568
500-15-0-4;500;15;0;1143
500-15-0-5;500;15;0;692
500-15-0-6;500;15;0;1281
500-15-0-7;500;15;0;1180
500-15-0-8;500;15;0;1080
500-15-0-9;500;15;0;1401
500-15-2-0;500;15;2;1127
500-15-2-1;500;15;2;758
500-15-2-2;500;15;2;1238
500-15-2-3;500;15;2;176
500-15-2-4;500;15;2;1307
500-15-2-5;500;15;2;393
500-15-2-6;500;15;2;1270
500-15-2-7;500;15;2;1112
500-15-2-8;500;15;2;1195
500-15-2-9;500;15;2;1196
500-15-5-0;500;15;5;467
500-15-5-1;500;15;5;931
500-15-5-2;500;15;5;188
500-15-5-3;500;15;5;774
500-15-5-4;500;15;5;1067
500-15-5-5;500;15;5;1055
500-15-5-6;500;15;5;1229
500-15-5-7;500;15;5;1053
500-15-5-8;500;15;5;1181
500-15-5-9;500;15;5;747
1000-5-0-0;1000;5;0;5094
1000-5-0-1;1000;5;0;5093
1000-5-0-2;1000;5;0;4930
1000-5-0-3;1000;5;0;4859
1000-5-0-4;1000;5;0;5257
1000-5-0-5;1000;5;0;4545
1000-5-0-6;1000;5;0;4818
1000-5-0-7;1000;5;0;5346
1000-5-0-8;1000;5;0;5034
1000-5-0-9;1000;5;0;3590
1000-5-2-0;1000;5;2;5114
1000-5-2-1;1000;5;2;4869
1000-5-2-2;1000;5;2;3994
1000-5-2-3;1000;5;2;3609
1000-5-2-4;1000;5;2;5416
1000-5-2-5;1000;5;2;4902
1000-5-2-6;1000;5;2;1070
1000-5-2-7;1000;5;2;4996
1000-5-2-8;1000;5;2;4695
1000-5-2-9;1000;5;2;5057
1000-5-5-0;1000;5;5;4848
1000-5-5-1;1000;5;5;4377
1000-5-5-2;1000;5;5;2251
1000-5-5-3;1000;5;5;3667
1000-5-5-4;1000;5;5;4855
1000-5-5-5;1000;5;5;4579
1000-5-5-6;1000;5;5;3885
1000-5-5-7;1000;5;5;4489
1000-5-5-8;1000;5;5;4977
1000-5-5-9;1000;5;5;4433
1000-10-0-0;1000;10;0;4949
1000-10-0-1;1000;10;0;5410
1000-10-0-2;1000;10;0;5048
1000-10-0-3;1000;10;0;4857
1000-10-0-4;1000;10;0;5083
1000-10-0-5;1000;10;0;4790
1000-10-0-6;1000;10;0;5124
1000-10-0-7;1000;10;0;5281
1000-10-0-8;1000;10;0;4905
1000-10-0-9;1000;10;0;2674
1000-10-2-0;1000;10;2;1265
1000-10-2-1;1000;10;2;5170
1000-10-2-2;1000;10;2;5252
1000-10-2-3;1000;10;2;5175
1000-10-2-4;1000;10;2;1473
1000-10-2-5;1000;10;2;4112
1000-10-2-6;1000;10;2;5451
1000-10-2-7;1000;10;2;4868
1000-10-2-8;1000;10;2;4640
1000-10-2-9;1000;10;2;4684
1000-10-5-0;1000;10;5;5379
1000-10-5-1;1000;10;5;1897
1000-10-5-2;1000;10;5;3799
1000-10-5-3;1000;10;5;737
1000-10-5-4;1000;10;5;3253
1000-10-5-5;1000;10;5;3496
1000-10-5-6;1000;10;5;5171
1000-10-5-7;1000;10;5;734
1000-10-5-8;1000;10;5;820
1000-10-5-9;1000;10;5;2450
1000-15-0-0;1000;15;0;4822
1000-15-0-1;1000;15;0;5287
1000-15-0-2;1000;15;0;4880
1000-15-0-3;1000;15;0;1113
1000-15-0-4;1000;15;0;4841
1000-15-0-5;1000;15;0;4828
1000-15-0-6;1000;15;0;5059
1000-15-0-7;1000;15;0;5110
1000-15-0-8;1000;15;0;4862
1000-15-0-9;1000;15;0;4804
1000-15-2-0;1000;15;2;4950
1000-15-2-1;1000;15;2;4447
1000-15-2-2;1000;15;2;2159
1000-15-2-3;1000;15;2;5018
1000-15-2-4;1000;15;2;520
1000-15-2-5;1000;15;2;5244
1000-15-2-6;1000;15;2;4647
1000-15-2-7;1000;15;2;4860
1000-15-2-8;1000;15;2;4905
1000-15-2-9;1000;15;2;951
1000-15-5-0;1000;15;5;1291
1000-15-5-1;1000;15;5;1837
1000-15-5-2;1000;15;5;1110
1000-15-5-3;1000;15;5;4565
1000-15-5-4;1000;15;5;1918
1000-15-5-5;1000;15;5;4632
1000-15-5-6;1000;15;5;1155
1000-15-5-7;1000;15;5;636
1000-15-5-8;1000;15;5;4931
1000-15-5-9;1000;15;5;1158
