Name;NoF;CTC;eCTC;pruProp;pruTime;priProp;priTime
10-5-0-0;10;5;0;4;32;3;21
10-5-0-1;10;5;0;2;27;3;29
10-5-0-2;10;5;0;3;8;4;10
10-5-0-3;10;5;0;2;23;3;15
10-5-0-4;10;5;0;2;15;2;26
10-5-0-5;10;5;0;2;11;2;7
10-5-0-6;10;5;0;2;6;1;12
10-5-0-7;10;5;0;1;16;2;21
10-5-0-8;10;5;0;2;3;1;7
10-5-0-9;10;5;0;2;1;2;1
10-5-2-0;10;5;2;2;9;2;4
10-5-2-1;10;5;2;2;1;1;1
10-5-2-2;10;5;2;1;10;2;7
10-5-2-3;10;5;2;2;2;2;3
10-5-2-4;10;5;2;2;4;2;5
10-5-2-5;10;5;2;2;3;2;5
10-5-2-6;10;5;2;2;4;2;5
10-5-2-7;10;5;2;1;5;1;7
10-5-2-8;10;5;2;1;7;1;7
10-5-2-9;10;5;2;0;1;1;0
10-5-5-0;10;5;5;1;5;1;6
10-5-5-1;10;5;5;1;0;1;0
10-5-5-2;10;5;5;2;6;2;5
10-5-5-3;10;5;5;1;3;1;4
10-5-5-4;10;5;5;1;0;1;0
10-5-5-5;10;5;5;1;1;1;1
10-5-5-6;10;5;5;1;8;1;7
10-5-5-7;10;5;5;1;1;2;0
10-5-5-8;10;5;5;1;1;1;1
10-5-5-9;10;5;5;1;3;1;3
10-10-0-0;10;10;0;0;6;1;7
10-10-0-1;10;10;0;1;4;1;3
10-10-0-2;10;10;0;1;0;1;0
10-10-0-3;10;10;0;1;3;1;3
10-10-0-4;10;10;0;1;3;0;2
10-10-0-5;10;10;0;1;5;1;4
10-10-0-6;10;10;0;0;4;1;3
10-10-0-7;10;10;0;1;1;1;0
10-10-0-8;10;10;0;1;4;1;4
10-10-0-9;10;10;0;1;2;1;1
10-10-2-0;10;10;2;1;3;1;3
10-10-2-1;10;10;2;1;2;0;5
10-10-2-2;10;10;2;1;3;1;4
10-10-2-3;10;10;2;1;1;1;1
10-10-2-4;10;10;2;1;2;0;3
10-10-2-5;10;10;2;0;3;1;2
10-10-2-6;10;10;2;1;2;0;3
10-10-2-7;10;10;2;1;1;1;1
10-10-2-8;10;10;2;1;2;1;1
10-10-2-9;10;10;2;1;1;1;1
10-10-5-0;10;10;5;0;3;0;3
10-10-5-1;10;10;5;0;1;1;0
10-10-5-2;10;10;5;1;0;0;1
10-10-5-3;10;10;5;1;2;0;2
10-10-5-4;10;10;5;1;0;0;1
10-10-5-5;10;10;5;1;0;1;0
10-10-5-6;10;10;5;1;2;1;2
10-10-5-7;10;10;5;1;0;1;0
10-10-5-8;10;10;5;1;0;1;1
10-10-5-9;10;10;5;1;0;0;1
10-15-0-0;10;15;0;1;1;0;1
10-15-0-1;10;15;0;0;4;0;5
10-15-0-2;10;15;0;1;2;0;3
10-15-0-3;10;15;0;1;4;1;5
10-15-0-4;10;15;0;0;2;0;2
10-15-0-5;10;15;0;1;3;0;3
10-15-0-6;10;15;0;1;3;0;3
10-15-0-7;10;15;0;0;4;0;4
10-15-0-8;10;15;0;1;1;0;2
10-15-0-9;10;15;0;1;3;1;3
10-15-2-0;10;15;2;0;2;0;3
10-15-2-1;10;15;2;0;1;0;2
10-15-2-2;10;15;2;0;2;0;2
10-15-2-3;10;15;2;1;2;0;3
10-15-2-4;10;15;2;0;3;0;3
10-15-2-5;10;15;2;0;2;0;2
10-15-2-6;10;15;2;0;3;0;2
10-15-2-7;10;15;2;0;1;1;2
10-15-2-8;10;15;2;0;2;1;1
10-15-2-9;10;15;2;0;2;0;2
10-15-5-0;10;15;5;0;3;0;3
10-15-5-1;10;15;5;0;1;1;1
10-15-5-2;10;15;5;0;1;0;1
10-15-5-3;10;15;5;1;0;1;0
10-15-5-4;10;15;5;1;1;1;1
10-15-5-5;10;15;5;0;2;0;2
10-15-5-6;10;15;5;0;1;1;1
10-15-5-7;10;15;5;1;0;0;1
10-15-5-8;10;15;5;1;1;1;1
10-15-5-9;10;15;5;0;3;1;2
20-5-0-0;20;5;0;0;6;1;8
20-5-0-1;20;5;0;1;3;1;4
20-5-0-2;20;5;0;1;7;1;8
20-5-0-3;20;5;0;1;4;1;3
20-5-0-4;20;5;0;0;5;1;5
20-5-0-5;20;5;0;1;2;1;4
20-5-0-6;20;5;0;1;4;1;4
20-5-0-7;20;5;0;1;5;1;7
20-5-0-8;20;5;0;0;5;1;4
20-5-0-9;20;5;0;1;2;1;2
20-5-2-0;20;5;2;1;3;0;4
20-5-2-1;20;5;2;1;2;1;4
20-5-2-2;20;5;2;0;8;1;6
20-5-2-3;20;5;2;0;6;1;8
20-5-2-4;20;5;2;1;3;1;4
20-5-2-5;20;5;2;1;3;1;4
20-5-2-6;20;5;2;1;4;1;2
20-5-2-7;20;5;2;0;4;0;5
20-5-2-8;20;5;2;0;6;0;5
20-5-2-9;20;5;2;0;6;0;6
20-5-5-0;20;5;5;1;1;1;3
20-5-5-1;20;5;5;0;0;0;1
20-5-5-2;20;5;5;1;1;1;2
20-5-5-3;20;5;5;1;4;1;4
20-5-5-4;20;5;5;1;0;0;1
20-5-5-5;20;5;5;1;2;0;2
20-5-5-6;20;5;5;1;4;1;4
20-5-5-7;20;5;5;0;5;0;5
20-5-5-8;20;5;5;0;3;0;2
20-5-5-9;20;5;5;1;5;0;7
20-10-0-0;20;10;0;0;4;1;6
20-10-0-1;20;10;0;0;5;1;6
20-10-0-2;20;10;0;1;4;0;6
20-10-0-3;20;10;0;0;4;0;4
20-10-0-4;20;10;0;1;4;0;6
20-10-0-5;20;10;0;0;5;1;6
20-10-0-6;20;10;0;1;5;1;6
20-10-0-7;20;10;0;0;7;0;6
20-10-0-8;20;10;0;1;8;0;11
20-10-0-9;20;10;0;1;7;0;5
20-10-2-0;20;10;2;1;3;0;3
20-10-2-1;20;10;2;0;6;0;5
20-10-2-2;20;10;2;0;7;0;7
20-10-2-3;20;10;2;0;2;1;1
20-10-2-4;20;10;2;0;0;1;0
20-10-2-5;20;10;2;1;0;0;0
20-10-2-6;20;10;2;1;4;1;6
20-10-2-7;20;10;2;1;2;1;2
20-10-2-8;20;10;2;0;8;0;10
20-10-2-9;20;10;2;1;5;1;4
20-10-5-0;20;10;5;1;4;1;5
20-10-5-1;20;10;5;1;6;1;5
20-10-5-2;20;10;5;0;5;1;4
20-10-5-3;20;10;5;0;6;0;4
20-10-5-4;20;10;5;0;4;0;5
20-10-5-5;20;10;5;0;1;1;0
20-10-5-6;20;10;5;0;5;0;6
20-10-5-7;20;10;5;1;4;0;4
20-10-5-8;20;10;5;0;2;1;1
20-10-5-9;20;10;5;0;4;0;4
20-15-0-0;20;15;0;0;6;0;7
20-15-0-1;20;15;0;1;0;0;0
20-15-0-2;20;15;0;0;3;1;4
20-15-0-3;20;15;0;1;0;1;0
20-15-0-4;20;15;0;0;2;0;3
20-15-0-5;20;15;0;0;4;0;3
20-15-0-6;20;15;0;0;5;1;5
20-15-0-7;20;15;0;0;5;1;5
20-15-0-8;20;15;0;0;3;1;3
20-15-0-9;20;15;0;1;3;1;3
20-15-2-0;20;15;2;0;4;1;3
20-15-2-1;20;15;2;0;5;1;6
20-15-2-2;20;15;2;1;3;1;2
20-15-2-3;20;15;2;0;3;1;2
20-15-2-4;20;15;2;1;3;1;4
20-15-2-5;20;15;2;1;1;0;2
20-15-2-6;20;15;2;1;1;0;3
20-15-2-7;20;15;2;0;3;0;4
20-15-2-8;20;15;2;0;3;1;3
20-15-2-9;20;15;2;0;3;0;3
20-15-5-0;20;15;5;1;2;1;1
20-15-5-1;20;15;5;0;3;1;3
20-15-5-2;20;15;5;1;0;0;0
20-15-5-3;20;15;5;0;1;1;1
20-15-5-4;20;15;5;1;3;1;3
20-15-5-5;20;15;5;1;0;1;0
20-15-5-6;20;15;5;1;1;0;1
20-15-5-7;20;15;5;1;2;1;2
20-15-5-8;20;15;5;1;2;0;4
20-15-5-9;20;15;5;0;4;1;3
30-5-0-0;30;5;0;0;9;1;9
30-5-0-1;30;5;0;0;10;1;9
30-5-0-2;30;5;0;1;7;1;8
30-5-0-3;30;5;0;0;9;0;11
30-5-0-4;30;5;0;0;6;1;5
30-5-0-5;30;5;0;0;9;0;11
30-5-0-6;30;5;0;0;5;1;5
30-5-0-7;30;5;0;0;8;1;7
30-5-0-8;30;5;0;1;5;0;6
30-5-0-9;30;5;0;0;8;0;8
30-5-2-0;30;5;2;0;8;1;5
30-5-2-1;30;5;2;1;6;1;6
30-5-2-2;30;5;2;0;2;1;1
30-5-2-3;30;5;2;1;9;1;10
30-5-2-4;30;5;2;0;7;1;5
30-5-2-5;30;5;2;1;7;1;7
30-5-2-6;30;5;2;0;7;0;9
30-5-2-7;30;5;2;1;1;1;2
30-5-2-8;30;5;2;1;5;1;7
30-5-2-9;30;5;2;1;7;1;9
30-5-5-0;30;5;5;1;6;1;5
30-5-5-1;30;5;5;0;7;1;8
30-5-5-2;30;5;5;1;6;2;4
30-5-5-3;30;5;5;1;2;1;2
30-5-5-4;30;5;5;1;6;1;6
30-5-5-5;30;5;5;1;4;1;3
30-5-5-6;30;5;5;1;2;1;3
30-5-5-7;30;5;5;0;8;1;7
30-5-5-8;30;5;5;1;5;0;8
30-5-5-9;30;5;5;0;6;0;8
30-10-0-0;30;10;0;0;8;0;11
30-10-0-1;30;10;0;1;5;1;9
30-10-0-2;30;10;0;1;1;1;2
30-10-0-3;30;10;0;0;6;1;8
30-10-0-4;30;10;0;1;5;1;7
30-10-0-5;30;10;0;0;5;0;3
30-10-0-6;30;10;0;1;6;1;7
30-10-0-7;30;10;0;1;8;0;10
30-10-0-8;30;10;0;0;6;0;7
30-10-0-9;30;10;0;0;6;1;8
30-10-2-0;30;10;2;1;3;1;3
30-10-2-1;30;10;2;1;2;1;3
30-10-2-2;30;10;2;1;4;1;4
30-10-2-3;30;10;2;1;8;1;9
30-10-2-4;30;10;2;1;5;0;6
30-10-2-5;30;10;2;1;5;0;9
30-10-2-6;30;10;2;1;4;1;6
30-10-2-7;30;10;2;1;2;1;3
30-10-2-8;30;10;2;1;4;1;4
30-10-2-9;30;10;2;1;6;0;9
30-10-5-0;30;10;5;0;3;1;3
30-10-5-1;30;10;5;1;6;1;5
30-10-5-2;30;10;5;1;6;1;8
30-10-5-3;30;10;5;1;4;0;5
30-10-5-4;30;10;5;0;4;0;6
30-10-5-5;30;10;5;1;7;0;10
30-10-5-6;30;10;5;1;8;1;7
30-10-5-7;30;10;5;1;6;0;8
30-10-5-8;30;10;5;0;7;0;8
30-10-5-9;30;10;5;0;8;0;6
30-15-0-0;30;15;0;0;7;0;9
30-15-0-1;30;15;0;1;6;0;9
30-15-0-2;30;15;0;0;6;0;8
30-15-0-3;30;15;0;1;4;2;4
30-15-0-4;30;15;0;1;3;1;5
30-15-0-5;30;15;0;0;8;0;9
30-15-0-6;30;15;0;0;7;1;6
30-15-0-7;30;15;0;0;7;0;9
30-15-0-8;30;15;0;1;5;1;8
30-15-0-9;30;15;0;1;6;0;7
30-15-2-0;30;15;2;1;6;0;7
30-15-2-1;30;15;2;0;5;1;6
30-15-2-2;30;15;2;0;8;0;8
30-15-2-3;30;15;2;0;6;1;8
30-15-2-4;30;15;2;0;5;1;6
30-15-2-5;30;15;2;0;6;0;7
30-15-2-6;30;15;2;0;8;0;7
30-15-2-7;30;15;2;1;5;1;5
30-15-2-8;30;15;2;0;2;1;3
30-15-2-9;30;15;2;1;3;1;5
30-15-5-0;30;15;5;1;2;1;3
30-15-5-1;30;15;5;1;5;1;4
30-15-5-2;30;15;5;1;3;1;3
30-15-5-3;30;15;5;1;2;1;3
30-15-5-4;30;15;5;0;8;1;9
30-15-5-5;30;15;5;1;4;1;4
30-15-5-6;30;15;5;1;0;1;0
30-15-5-7;30;15;5;0;4;1;5
30-15-5-8;30;15;5;1;3;1;3
30-15-5-9;30;15;5;1;4;1;4
50-5-0-0;50;5;0;1;20;1;21
50-5-0-1;50;5;0;1;14;1;16
50-5-0-2;50;5;0;1;17;0;23
50-5-0-3;50;5;0;1;13;2;17
50-5-0-4;50;5;0;1;22;1;26
50-5-0-5;50;5;0;1;19;1;19
50-5-0-6;50;5;0;0;15;1;16
50-5-0-7;50;5;0;1;16;1;15
50-5-0-8;50;5;0;1;19;1;18
50-5-0-9;50;5;0;1;16;1;22
50-5-2-0;50;5;2;0;19;1;18
50-5-2-1;50;5;2;1;16;1;20
50-5-2-2;50;5;2;1;15;0;17
50-5-2-3;50;5;2;1;9;2;14
50-5-2-4;50;5;2;2;5;2;6
50-5-2-5;50;5;2;1;9;2;11
50-5-2-6;50;5;2;1;19;1;17
50-5-2-7;50;5;2;1;11;2;13
50-5-2-8;50;5;2;1;16;2;19
50-5-2-9;50;5;2;1;20;1;15
50-5-5-0;50;5;5;1;16;2;17
50-5-5-1;50;5;5;1;10;2;6
50-5-5-2;50;5;5;1;10;1;14
50-5-5-3;50;5;5;1;16;1;19
50-5-5-4;50;5;5;1;14;1;17
50-5-5-5;50;5;5;1;14;1;18
50-5-5-6;50;5;5;1;14;1;12
50-5-5-7;50;5;5;1;22;1;19
50-5-5-8;50;5;5;1;16;1;15
50-5-5-9;50;5;5;1;10;2;12
50-10-0-0;50;10;0;1;8;1;8
50-10-0-1;50;10;0;1;14;1;15
50-10-0-2;50;10;0;0;21;1;20
50-10-0-3;50;10;0;1;19;1;19
50-10-0-4;50;10;0;0;14;1;17
50-10-0-5;50;10;0;1;16;1;21
50-10-0-6;50;10;0;1;2;2;2
50-10-0-7;50;10;0;1;12;2;10
50-10-0-8;50;10;0;1;10;2;10
50-10-0-9;50;10;0;1;16;2;18
50-10-2-0;50;10;2;2;7;2;7
50-10-2-1;50;10;2;1;11;1;16
50-10-2-2;50;10;2;2;0;2;1
50-10-2-3;50;10;2;2;12;2;15
50-10-2-4;50;10;2;1;10;1;10
50-10-2-5;50;10;2;1;14;2;16
50-10-2-6;50;10;2;2;9;2;9
50-10-2-7;50;10;2;1;15;1;16
50-10-2-8;50;10;2;1;7;2;7
50-10-2-9;50;10;2;0;16;1;19
50-10-5-0;50;10;5;1;14;1;16
50-10-5-1;50;10;5;1;15;2;11
50-10-5-2;50;10;5;1;12;2;11
50-10-5-3;50;10;5;2;11;1;14
50-10-5-4;50;10;5;1;14;1;14
50-10-5-5;50;10;5;2;5;2;6
50-10-5-6;50;10;5;1;11;1;14
50-10-5-7;50;10;5;2;13;2;16
50-10-5-8;50;10;5;1;12;2;13
50-10-5-9;50;10;5;0;16;1;17
50-15-0-0;50;15;0;1;2;1;2
50-15-0-1;50;15;0;1;17;1;17
50-15-0-2;50;15;0;1;14;1;15
50-15-0-3;50;15;0;0;13;1;12
50-15-0-4;50;15;0;1;6;2;5
50-15-0-5;50;15;0;1;18;1;17
50-15-0-6;50;15;0;1;16;1;16
50-15-0-7;50;15;0;1;19;1;20
50-15-0-8;50;15;0;1;14;1;17
50-15-0-9;50;15;0;0;17;1;17
50-15-2-0;50;15;2;1;9;2;6
50-15-2-1;50;15;2;1;18;1;26
50-15-2-2;50;15;2;1;19;2;20
50-15-2-3;50;15;2;0;17;1;17
50-15-2-4;50;15;2;1;18;1;17
50-15-2-5;50;15;2;1;16;1;13
50-15-2-6;50;15;2;1;11;1;12
50-15-2-7;50;15;2;1;14;1;16
50-15-2-8;50;15;2;1;21;1;18
50-15-2-9;50;15;2;2;6;2;6
50-15-5-0;50;15;5;1;19;1;21
50-15-5-1;50;15;5;1;18;0;18
50-15-5-2;50;15;5;1;9;2;7
50-15-5-3;50;15;5;1;7;1;9
50-15-5-4;50;15;5;1;0;2;1
50-15-5-5;50;15;5;1;1;2;1
50-15-5-6;50;15;5;2;11;1;12
50-15-5-7;50;15;5;1;8;2;10
50-15-5-8;50;15;5;1;8;1;12
50-15-5-9;50;15;5;0;14;1;19
100-5-0-0;100;5;0;2;80;4;88
100-5-0-1;100;5;0;2;69;4;72
100-5-0-2;100;5;0;2;50;3;59
100-5-0-3;100;5;0;2;61;2;69
100-5-0-4;100;5;0;2;74;3;76
100-5-0-5;100;5;0;2;72;2;78
100-5-0-6;100;5;0;2;63;2;76
100-5-0-7;100;5;0;1;67;2;81
100-5-0-8;100;5;0;2;74;3;95
100-5-0-9;100;5;0;2;52;3;69
100-5-2-0;100;5;2;3;64;4;69
100-5-2-1;100;5;2;3;31;4;34
100-5-2-2;100;5;2;2;74;3;68
100-5-2-3;100;5;2;3;40;4;49
100-5-2-4;100;5;2;4;51;5;48
100-5-2-5;100;5;2;2;67;3;79
100-5-2-6;100;5;2;3;69;3;76
100-5-2-7;100;5;2;3;62;4;61
100-5-2-8;100;5;2;3;61;3;57
100-5-2-9;100;5;2;4;14;6;17
100-5-5-0;100;5;5;3;58;4;65
100-5-5-1;100;5;5;2;62;3;58
100-5-5-2;100;5;5;2;58;3;57
100-5-5-3;100;5;5;2;39;3;39
100-5-5-4;100;5;5;1;58;3;68
100-5-5-5;100;5;5;1;60;3;75
100-5-5-6;100;5;5;2;70;3;59
100-5-5-7;100;5;5;3;34;4;41
100-5-5-8;100;5;5;1;53;3;55
100-5-5-9;100;5;5;2;50;4;62
100-10-0-0;100;10;0;3;55;3;65
100-10-0-1;100;10;0;3;59;4;55
100-10-0-2;100;10;0;2;67;2;91
100-10-0-3;100;10;0;2;54;4;68
100-10-0-4;100;10;0;2;61;3;62
100-10-0-5;100;10;0;3;15;5;18
100-10-0-6;100;10;0;2;82;2;65
100-10-0-7;100;10;0;2;68;4;69
100-10-0-8;100;10;0;2;45;3;42
100-10-0-9;100;10;0;2;36;4;33
100-10-2-0;100;10;2;2;64;3;65
100-10-2-1;100;10;2;3;23;5;22
100-10-2-2;100;10;2;2;59;3;68
100-10-2-3;100;10;2;3;53;3;55
100-10-2-4;100;10;2;2;73;4;64
100-10-2-5;100;10;2;2;55;2;65
100-10-2-6;100;10;2;2;54;3;51
100-10-2-7;100;10;2;1;72;1;65
100-10-2-8;100;10;2;3;39;4;40
100-10-2-9;100;10;2;2;73;2;76
100-10-5-0;100;10;5;4;38;5;45
100-10-5-1;100;10;5;3;25;5;26
100-10-5-2;100;10;5;3;28;4;31
100-10-5-3;100;10;5;2;61;3;67
100-10-5-4;100;10;5;2;47;4;48
100-10-5-5;100;10;5;3;33;4;30
100-10-5-6;100;10;5;2;42;3;52
100-10-5-7;100;10;5;4;44;5;62
100-10-5-8;100;10;5;3;0;6;0
100-10-5-9;100;10;5;3;32;5;38
100-15-0-0;100;15;0;2;31;4;38
100-15-0-1;100;15;0;2;73;3;75
100-15-0-2;100;15;0;4;33;6;34
100-15-0-3;100;15;0;4;36;6;34
100-15-0-4;100;15;0;2;71;2;73
100-15-0-5;100;15;0;2;70;2;55
100-15-0-6;100;15;0;2;64;3;65
100-15-0-7;100;15;0;2;56;3;56
100-15-0-8;100;15;0;2;56;2;57
100-15-0-9;100;15;0;2;71;3;71
100-15-2-0;100;15;2;2;55;3;69
100-15-2-1;100;15;2;2;59;4;59
100-15-2-2;100;15;2;3;10;3;12
100-15-2-3;100;15;2;1;75;2;76
100-15-2-4;100;15;2;2;64;2;72
100-15-2-5;100;15;2;2;59;3;61
100-15-2-6;100;15;2;4;31;5;34
100-15-2-7;100;15;2;2;56;2;61
100-15-2-8;100;15;2;3;53;4;53
100-15-2-9;100;15;2;2;70;2;71
100-15-5-0;100;15;5;2;46;3;53
100-15-5-1;100;15;5;2;55;3;61
100-15-5-2;100;15;5;3;33;5;39
100-15-5-3;100;15;5;3;48;5;50
100-15-5-4;100;15;5;2;66;3;72
100-15-5-5;100;15;5;2;47;3;43
100-15-5-6;100;15;5;2;44;4;61
100-15-5-7;100;15;5;2;13;5;13
100-15-5-8;100;15;5;1;44;4;49
100-15-5-9;100;15;5;2;63;2;60
200-5-0-0;200;5;0;2;297;7;327
200-5-0-1;200;5;0;14;23;24;32
200-5-0-2;200;5;0;9;279;13;319
200-5-0-3;200;5;0;6;262;9;298
200-5-0-4;200;5;0;7;267;11;263
200-5-0-5;200;5;0;4;276;6;321
200-5-0-6;200;5;0;3;272;4;290
200-5-0-7;200;5;0;4;301;5;332
200-5-0-8;200;5;0;7;246;12;294
200-5-0-9;200;5;0;7;260;11;288
200-5-2-0;200;5;2;11;73;18;96
200-5-2-1;200;5;2;7;261;13;240
200-5-2-2;200;5;2;6;287;10;302
200-5-2-3;200;5;2;5;324;7;252
200-5-2-4;200;5;2;5;297;7;295
200-5-2-5;200;5;2;7;275;12;277
200-5-2-6;200;5;2;6;166;8;234
200-5-2-7;200;5;2;6;324;8;300
200-5-2-8;200;5;2;5;265;7;265
200-5-2-9;200;5;2;3;260;9;243
200-5-5-0;200;5;5;8;253;12;301
200-5-5-1;200;5;5;4;157;12;193
200-5-5-2;200;5;5;4;233;6;269
200-5-5-3;200;5;5;3;269;4;279
200-5-5-4;200;5;5;5;246;8;319
200-5-5-5;200;5;5;6;189;9;212
200-5-5-6;200;5;5;9;251;14;275
200-5-5-7;200;5;5;5;247;6;276
200-5-5-8;200;5;5;8;135;12;114
200-5-5-9;200;5;5;12;72;21;83
200-10-0-0;200;10;0;4;282;5;320
200-10-0-1;200;10;0;5;286;8;290
200-10-0-2;200;10;0;6;228;7;219
200-10-0-3;200;10;0;5;273;8;275
200-10-0-4;200;10;0;8;236;11;249
200-10-0-5;200;10;0;5;291;8;314
200-10-0-6;200;10;0;6;266;8;294
200-10-0-7;200;10;0;7;265;11;246
200-10-0-8;200;10;0;7;237;12;260
200-10-0-9;200;10;0;5;268;9;299
200-10-2-0;200;10;2;6;274;8;274
200-10-2-1;200;10;2;3;247;4;254
200-10-2-2;200;10;2;8;219;12;211
200-10-2-3;200;10;2;7;243;11;273
200-10-2-4;200;10;2;11;120;18;183
200-10-2-5;200;10;2;7;105;11;106
200-10-2-6;200;10;2;9;219;14;205
200-10-2-7;200;10;2;7;167;10;161
200-10-2-8;200;10;2;14;6;25;3
200-10-2-9;200;10;2;4;277;5;315
200-10-5-0;200;10;5;10;211;15;232
200-10-5-1;200;10;5;11;128;18;129
200-10-5-2;200;10;5;10;112;18;121
200-10-5-3;200;10;5;12;78;21;97
200-10-5-4;200;10;5;8;238;14;242
200-10-5-5;200;10;5;9;199;16;201
200-10-5-6;200;10;5;7;250;12;274
200-10-5-7;200;10;5;7;167;11;180
200-10-5-8;200;10;5;7;262;10;272
200-10-5-9;200;10;5;9;205;15;216
200-15-0-0;200;15;0;6;256;10;262
200-15-0-1;200;15;0;5;286;8;268
200-15-0-2;200;15;0;14;14;25;14
200-15-0-3;200;15;0;3;242;4;257
200-15-0-4;200;15;0;6;233;8;217
200-15-0-5;200;15;0;13;40;21;43
200-15-0-6;200;15;0;5;276;7;281
200-15-0-7;200;15;0;4;271;6;279
200-15-0-8;200;15;0;7;242;12;239
200-15-0-9;200;15;0;6;305;8;281
200-15-2-0;200;15;2;7;206;12;195
200-15-2-1;200;15;2;7;203;10;191
200-15-2-2;200;15;2;10;160;16;207
200-15-2-3;200;15;2;10;172;17;142
200-15-2-4;200;15;2;7;229;10;251
200-15-2-5;200;15;2;4;276;5;316
200-15-2-6;200;15;2;8;207;12;243
200-15-2-7;200;15;2;7;221;11;224
200-15-2-8;200;15;2;5;265;7;261
200-15-2-9;200;15;2;6;246;9;270
200-15-5-0;200;15;5;12;149;22;157
200-15-5-1;200;15;5;6;261;10;274
200-15-5-2;200;15;5;7;161;10;130
200-15-5-3;200;15;5;4;47;5;60
200-15-5-4;200;15;5;4;119;13;159
200-15-5-5;200;15;5;8;100;9;122
200-15-5-6;200;15;5;13;0;22;1
200-15-5-7;200;15;5;11;87;17;116
200-15-5-8;200;15;5;3;295;4;285
200-15-5-9;200;15;5;5;203;5;252
300-5-0-0;300;5;0;11;573;11;393
300-5-0-1;300;5;0;12;246;22;263
300-5-0-2;300;5;0;3;410;4;462
300-5-0-3;300;5;0;5;396;9;431
300-5-0-4;300;5;0;9;388;16;387
300-5-0-5;300;5;0;9;170;15;209
300-5-0-6;300;5;0;11;404;19;367
300-5-0-7;300;5;0;15;572;15;520
300-5-0-8;300;5;0;6;599;16;613
300-5-0-9;300;5;0;8;294;19;435
300-5-2-0;300;5;2;16;503;27;530
300-5-2-1;300;5;2;7;531;9;537
300-5-2-2;300;5;2;17;288;31;317
300-5-2-3;300;5;2;3;401;12;452
300-5-2-4;300;5;2;9;394;14;350
300-5-2-5;300;5;2;3;410;9;438
300-5-2-6;300;5;2;9;239;15;316
300-5-2-7;300;5;2;7;493;11;569
300-5-2-8;300;5;2;8;369;14;399
300-5-2-9;300;5;2;11;355;17;366
300-5-5-0;300;5;5;3;325;5;423
300-5-5-1;300;5;5;12;319;21;310
300-5-5-2;300;5;5;16;156;30;147
300-5-5-3;300;5;5;4;354;5;339
300-5-5-4;300;5;5;4;248;5;310
300-5-5-5;300;5;5;11;324;21;306
300-5-5-6;300;5;5;8;308;12;326
300-5-5-7;300;5;5;5;335;14;341
300-5-5-8;300;5;5;10;374;16;402
300-5-5-9;300;5;5;10;411;17;411
300-10-0-0;300;10;0;2;412;8;405
300-10-0-1;300;10;0;5;429;7;420
300-10-0-2;300;10;0;7;390;11;403
300-10-0-3;300;10;0;9;370;14;372
300-10-0-4;300;10;0;5;396;8;425
300-10-0-5;300;10;0;9;425;9;424
300-10-0-6;300;10;0;7;380;13;385
300-10-0-7;300;10;0;7;386;12;409
300-10-0-8;300;10;0;5;417;6;416
300-10-0-9;300;10;0;4;368;4;387
300-10-2-0;300;10;2;3;380;4;404
300-10-2-1;300;10;2;9;306;16;296
300-10-2-2;300;10;2;6;114;8;136
300-10-2-3;300;10;2;6;330;8;332
300-10-2-4;300;10;2;6;415;9;386
300-10-2-5;300;10;2;16;71;28;97
300-10-2-6;300;10;2;18;17;33;20
300-10-2-7;300;10;2;11;330;18;367
300-10-2-8;300;10;2;7;436;8;421
300-10-2-9;300;10;2;11;305;19;329
300-10-5-0;300;10;5;7;306;12;303
300-10-5-1;300;10;5;9;346;15;344
300-10-5-2;300;10;5;7;318;10;375
300-10-5-3;300;10;5;18;306;22;326
300-10-5-4;300;10;5;11;453;17;442
300-10-5-5;300;10;5;15;304;23;357
300-10-5-6;300;10;5;15;339;25;333
300-10-5-7;300;10;5;17;224;31;224
300-10-5-8;300;10;5;15;238;26;235
300-10-5-9;300;10;5;5;458;7;445
300-15-0-0;300;15;0;3;377;3;364
300-15-0-1;300;15;0;9;432;24;606
300-15-0-2;300;15;0;7;582;14;570
300-15-0-3;300;15;0;8;472;12;462
300-15-0-4;300;15;0;13;131;24;155
300-15-0-5;300;15;0;6;476;9;437
300-15-0-6;300;15;0;2;406;10;398
300-15-0-7;300;15;0;3;375;4;408
300-15-0-8;300;15;0;5;377;7;375
300-15-0-9;300;15;0;7;391;11;374
300-15-2-0;300;15;2;8;382;19;454
300-15-2-1;300;15;2;8;517;15;529
300-15-2-2;300;15;2;16;246;30;272
300-15-2-3;300;15;2;4;358;18;350
300-15-2-4;300;15;2;9;166;11;226
300-15-2-5;300;15;2;12;497;17;486
300-15-2-6;300;15;2;5;397;7;400
300-15-2-7;300;15;2;9;398;9;414
300-15-2-8;300;15;2;4;401;4;362
300-15-2-9;300;15;2;4;395;7;380
300-15-5-0;300;15;5;7;324;10;319
300-15-5-1;300;15;5;5;253;6;259
300-15-5-2;300;15;5;11;333;21;342
300-15-5-3;300;15;5;11;190;18;184
300-15-5-4;300;15;5;18;110;33;127
300-15-5-5;300;15;5;14;43;23;64
300-15-5-6;300;15;5;12;446;18;367
300-15-5-7;300;15;5;5;379;5;402
300-15-5-8;300;15;5;9;385;14;389
300-15-5-9;300;15;5;9;287;14;269
400-5-0-0;400;5;0;8;808;14;699
400-5-0-1;400;5;0;9;787;15;729
400-5-0-2;400;5;0;9;664;13;822
400-5-0-3;400;5;0;17;470;31;578
400-5-0-4;400;5;0;6;773;8;763
400-5-0-5;400;5;0;10;722;17;687
400-5-0-6;400;5;0;9;709;15;745
400-5-0-7;400;5;0;8;730;13;715
400-5-0-8;400;5;0;13;624;23;642
400-5-0-9;400;5;0;5;777;8;784
400-5-2-0;400;5;2;6;776;10;779
400-5-2-1;400;5;2;12;610;23;637
400-5-2-2;400;5;2;11;615;18;615
400-5-2-3;400;5;2;11;683;19;677
400-5-2-4;400;5;2;9;727;14;626
400-5-2-5;400;5;2;11;652;20;673
400-5-2-6;400;5;2;13;556;23;560
400-5-2-7;400;5;2;10;607;18;657
400-5-2-8;400;5;2;4;687;5;688
400-5-2-9;400;5;2;7;704;13;712
400-5-5-0;400;5;5;10;691;16;733
400-5-5-1;400;5;5;12;634;21;638
400-5-5-2;400;5;5;5;798;6;786
400-5-5-3;400;5;5;13;567;21;587
400-5-5-4;400;5;5;9;769;15;733
400-5-5-5;400;5;5;11;610;17;649
400-5-5-6;400;5;5;6;689;9;707
400-5-5-7;400;5;5;19;329;32;412
400-5-5-8;400;5;5;13;595;23;539
400-5-5-9;400;5;5;10;580;17;608
400-10-0-0;400;10;0;8;660;12;717
400-10-0-1;400;10;0;18;378;34;414
400-10-0-2;400;10;0;7;634;11;636
400-10-0-3;400;10;0;23;151;42;158
400-10-0-4;400;10;0;13;388;37;375
400-10-0-5;400;10;0;11;418;18;475
400-10-0-6;400;10;0;8;743;13;725
400-10-0-7;400;10;0;8;695;13;734
400-10-0-8;400;10;0;15;384;26;428
400-10-0-9;400;10;0;14;716;26;718
400-10-2-0;400;10;2;6;730;10;729
400-10-2-1;400;10;2;21;586;37;588
400-10-2-2;400;10;2;13;554;23;592
400-10-2-3;400;10;2;10;617;17;606
400-10-2-4;400;10;2;29;274;55;261
400-10-2-5;400;10;2;6;702;9;703
400-10-2-6;400;10;2;6;679;8;760
400-10-2-7;400;10;2;5;710;8;724
400-10-2-8;400;10;2;4;650;6;653
400-10-2-9;400;10;2;21;233;37;223
400-10-5-0;400;10;5;18;121;32;183
400-10-5-1;400;10;5;6;714;8;710
400-10-5-2;400;10;5;14;590;25;646
400-10-5-3;400;10;5;5;614;7;603
400-10-5-4;400;10;5;12;459;20;487
400-10-5-5;400;10;5;6;594;8;539
400-10-5-6;400;10;5;17;703;31;723
400-10-5-7;400;10;5;4;749;4;782
400-10-5-8;400;10;5;12;521;21;464
400-10-5-9;400;10;5;17;399;29;432
400-15-0-0;400;15;0;3;728;15;732
400-15-0-1;400;15;0;14;612;24;729
400-15-0-2;400;15;0;14;685;26;702
400-15-0-3;400;15;0;5;703;7;712
400-15-0-4;400;15;0;12;61;13;75
400-15-0-5;400;15;0;9;609;14;545
400-15-0-6;400;15;0;17;158;18;148
400-15-0-7;400;15;0;5;690;6;669
400-15-0-8;400;15;0;12;726;21;743
400-15-0-9;400;15;0;13;684;23;762
400-15-2-0;400;15;2;9;648;14;675
400-15-2-1;400;15;2;8;272;31;269
400-15-2-2;400;15;2;20;532;36;541
400-15-2-3;400;15;2;22;362;42;415
400-15-2-4;400;15;2;4;694;5;617
400-15-2-5;400;15;2;3;831;15;727
400-15-2-6;400;15;2;12;686;22;798
400-15-2-7;400;15;2;6;681;9;687
400-15-2-8;400;15;2;26;221;48;231
400-15-2-9;400;15;2;15;676;26;713
400-15-5-0;400;15;5;6;470;6;496
400-15-5-1;400;15;5;22;593;60;588
400-15-5-2;400;15;5;7;25;7;34
400-15-5-3;400;15;5;15;265;26;264
400-15-5-4;400;15;5;25;75;44;91
400-15-5-5;400;15;5;20;10;34;14
400-15-5-6;400;15;5;6;771;8;694
400-15-5-7;400;15;5;6;528;6;573
400-15-5-8;400;15;5;26;176;50;247
400-15-5-9;400;15;5;22;466;42;419
500-5-0-0;500;5;0;19;1137;34;1057
500-5-0-1;500;5;0;17;1118;30;1152
500-5-0-2;500;5;0;20;1154;36;1181
500-5-0-3;500;5;0;24;1226;46;1261
500-5-0-4;500;5;0;16;1081;29;1144
500-5-0-5;500;5;0;15;1186;27;1317
500-5-0-6;500;5;0;16;1066;28;1089
500-5-0-7;500;5;0;13;1151;22;1102
500-5-0-8;500;5;0;14;1170;25;1223
500-5-0-9;500;5;0;19;996;34;1072
500-5-2-0;500;5;2;16;1144;29;1026
500-5-2-1;500;5;2;40;99;84;133
500-5-2-2;500;5;2;19;1047;31;1074
500-5-2-3;500;5;2;12;1089;15;942
500-5-2-4;500;5;2;20;996;37;1096
500-5-2-5;500;5;2;17;970;29;1067
500-5-2-6;500;5;2;13;980;16;1000
500-5-2-7;500;5;2;15;1067;27;1083
500-5-2-8;500;5;2;24;785;46;739
500-5-2-9;500;5;2;13;1077;22;1141
500-5-5-0;500;5;5;21;996;37;913
500-5-5-1;500;5;5;13;1080;21;1004
500-5-5-2;500;5;5;15;892;27;1004
500-5-5-3;500;5;5;32;970;59;987
500-5-5-4;500;5;5;10;1168;16;1182
500-5-5-5;500;5;5;25;782;47;876
500-5-5-6;500;5;5;23;951;42;1139
500-5-5-7;500;5;5;27;731;49;853
500-5-5-8;500;5;5;16;868;28;950
500-5-5-9;500;5;5;24;739;43;835
500-10-0-0;500;10;0;6;1102;8;1133
500-10-0-1;500;10;0;8;1146;12;1081
500-10-0-2;500;10;0;30;847;56;927
500-10-0-3;500;10;0;47;364;89;393
500-10-0-4;500;10;0;10;1150;17;1081
500-10-0-5;500;10;0;15;641;18;639
500-10-0-6;500;10;0;30;912;56;938
500-10-0-7;500;10;0;25;1044;45;1090
500-10-0-8;500;10;0;16;997;28;957
500-10-0-9;500;10;0;5;1081;8;1123
500-10-2-0;500;10;2;46;346;86;365
500-10-2-1;500;10;2;12;945;18;1005
500-10-2-2;500;10;2;8;1067;11;1100
500-10-2-3;500;10;2;24;1122;44;1168
500-10-2-4;500;10;2;20;621;27;644
500-10-2-5;500;10;2;11;1050;17;1002
500-10-2-6;500;10;2;6;1159;9;1181
500-10-2-7;500;10;2;23;1094;43;1159
500-10-2-8;500;10;2;22;560;40;529
500-10-2-9;500;10;2;5;1080;5;1117
500-10-5-0;500;10;5;27;722;51;727
500-10-5-1;500;10;5;37;562;70;590
500-10-5-2;500;10;5;9;1081;13;1126
500-10-5-3;500;10;5;11;879;17;939
500-10-5-4;500;10;5;22;1083;40;1132
500-10-5-5;500;10;5;25;883;47;888
500-10-5-6;500;10;5;14;880;22;941
500-10-5-7;500;10;5;12;1058;19;1033
500-10-5-8;500;10;5;13;1104;22;966
500-10-5-9;500;10;5;7;1175;16;1278
500-15-0-0;500;15;0;23;794;41;809
500-15-0-1;500;15;0;4;1295;23;1078
500-15-0-2;500;15;0;7;1028;9;1291
500-15-0-3;500;15;0;33;524;61;532
500-15-0-4;500;15;0;21;1096;37;1082
500-15-0-5;500;15;0;39;458;73;501
500-15-0-6;500;15;0;5;1031;6;1165
500-15-0-7;500;15;0;26;1232;30;1174
500-15-0-8;500;15;0;4;1093;6;1135
500-15-0-9;500;15;0;20;1062;38;1135
500-15-2-0;500;15;2;19;1121;35;1126
500-15-2-1;500;15;2;31;739;57;715
500-15-2-2;500;15;2;22;1093;41;1083
500-15-2-3;500;15;2;49;94;103;125
500-15-2-4;500;15;2;18;1198;30;1153
500-15-2-5;500;15;2;21;359;36;381
500-15-2-6;500;15;2;19;1045;34;1112
500-15-2-7;500;15;2;13;1087;21;1127
500-15-2-8;500;15;2;4;1084;23;1069
500-15-2-9;500;15;2;4;1008;23;1067
500-15-5-0;500;15;5;12;507;18;457
500-15-5-1;500;15;5;23;670;43;770
500-15-5-2;500;15;5;51;122;96;121
500-15-5-3;500;15;5;24;724;42;710
500-15-5-4;500;15;5;4;1090;22;1139
500-15-5-5;500;15;5;23;1113;40;999
500-15-5-6;500;15;5;9;1019;14;1107
500-15-5-7;500;15;5;6;1045;9;1053
500-15-5-8;500;15;5;20;1075;36;1186
500-15-5-9;500;15;5;8;603;10;599
1000-5-0-0;1000;5;0;71;4982;133;5296
1000-5-0-1;1000;5;0;76;5307;141;5286
1000-5-0-2;1000;5;0;55;5251;100;5374
1000-5-0-3;1000;5;0;88;5181;164;5307
1000-5-0-4;1000;5;0;101;5324;195;5490
1000-5-0-5;1000;5;0;134;4925;171;4752
1000-5-0-6;1000;5;0;99;4770;192;5011
1000-5-0-7;1000;5;0;69;5383;132;5633
1000-5-0-8;1000;5;0;74;5264;90;5482
1000-5-0-9;1000;5;0;125;3367;240;3757
1000-5-2-0;1000;5;2;65;5488;121;5428
1000-5-2-1;1000;5;2;91;4936;168;5011
1000-5-2-2;1000;5;2;126;3929;249;3983
1000-5-2-3;1000;5;2;214;3365;275;3679
1000-5-2-4;1000;5;2;82;5444;157;5740
1000-5-2-5;1000;5;2;171;4858;219;4850
1000-5-2-6;1000;5;2;49;1080;81;983
1000-5-2-7;1000;5;2;89;4726;165;4963
1000-5-2-8;1000;5;2;70;5217;133;4883
1000-5-2-9;1000;5;2;80;4908;153;5167
1000-5-5-0;1000;5;5;76;4743;145;4941
1000-5-5-1;1000;5;5;115;3693;218;4449
1000-5-5-2;1000;5;5;96;1839;181;2280
1000-5-5-3;1000;5;5;158;3631;309;3634
1000-5-5-4;1000;5;5;108;4982;207;4649
1000-5-5-5;1000;5;5;118;5110;150;4782
1000-5-5-6;1000;5;5;144;3998;180;4129
1000-5-5-7;1000;5;5;121;4253;234;4521
1000-5-5-8;1000;5;5;97;4919;187;4944
1000-5-5-9;1000;5;5;127;4713;249;4495
1000-10-0-0;1000;10;0;57;5567;69;5168
1000-10-0-1;1000;10;0;79;5240;115;5329
1000-10-0-2;1000;10;0;66;5064;99;5149
1000-10-0-3;1000;10;0;46;5275;82;5196
1000-10-0-4;1000;10;0;86;4977;164;5201
1000-10-0-5;1000;10;0;34;4971;58;5122
1000-10-0-6;1000;10;0;96;5354;117;5150
1000-10-0-7;1000;10;0;57;5182;104;5433
1000-10-0-8;1000;10;0;61;5266;112;5109
1000-10-0-9;1000;10;0;161;2410;309;2588
1000-10-2-0;1000;10;2;131;1231;248;1121
1000-10-2-1;1000;10;2;48;5181;88;5202
1000-10-2-2;1000;10;2;62;5175;115;5281
1000-10-2-3;1000;10;2;64;5453;78;5267
1000-10-2-4;1000;10;2;264;1307;341;1437
1000-10-2-5;1000;10;2;90;3755;167;4176
1000-10-2-6;1000;10;2;16;5604;22;5655
1000-10-2-7;1000;10;2;37;5151;63;5152
1000-10-2-8;1000;10;2;44;5072;78;4986
1000-10-2-9;1000;10;2;74;4789;138;5018
1000-10-5-0;1000;10;5;29;5127;48;5635
1000-10-5-1;1000;10;5;280;1770;360;1698
1000-10-5-2;1000;10;5;84;3944;158;3811
1000-10-5-3;1000;10;5;210;171;416;319
1000-10-5-4;1000;10;5;116;3486;221;3292
1000-10-5-5;1000;10;5;81;3247;151;3530
1000-10-5-6;1000;10;5;57;5227;88;5364
1000-10-5-7;1000;10;5;141;306;264;374
1000-10-5-8;1000;10;5;220;387;433;481
1000-10-5-9;1000;10;5;155;2383;295;2397
1000-15-0-0;1000;15;0;42;5000;75;5134
1000-15-0-1;1000;15;0;158;5261;202;5537
1000-15-0-2;1000;15;0;27;4841;45;5021
1000-15-0-3;1000;15;0;73;727;134;989
1000-15-0-4;1000;15;0;25;4994;41;5112
1000-15-0-5;1000;15;0;17;5144;25;5273
1000-15-0-6;1000;15;0;42;5049;78;5483
1000-15-0-7;1000;15;0;18;5231;27;5143
1000-15-0-8;1000;15;0;29;5142;47;4829
1000-15-0-9;1000;15;0;20;5011;32;5303
1000-15-2-0;1000;15;2;18;5151;26;5307
1000-15-2-1;1000;15;2;32;4540;56;4703
1000-15-2-2;1000;15;2;168;1981;319;2069
1000-15-2-3;1000;15;2;24;5185;39;5347
1000-15-2-4;1000;15;2;187;133;385;173
1000-15-2-5;1000;15;2;102;5295;197;5457
1000-15-2-6;1000;15;2;24;5217;38;5120
1000-15-2-7;1000;15;2;32;5116;57;5164
1000-15-2-8;1000;15;2;12;5276;15;5240
1000-15-2-9;1000;15;2;110;774;199;852
1000-15-5-0;1000;15;5;274;680;542;770
1000-15-5-1;1000;15;5;49;1899;83;1870
1000-15-5-2;1000;15;5;61;980;105;1081
1000-15-5-3;1000;15;5;38;5007;65;4814
1000-15-5-4;1000;15;5;155;1750;270;1689
1000-15-5-5;1000;15;5;45;4898;81;4873
1000-15-5-6;1000;15;5;177;662;340;941
1000-15-5-7;1000;15;5;137;305;259;373
1000-15-5-8;1000;15;5;33;5133;58;5268
1000-15-5-9;1000;15;5;181;1217;355;994
2000-5-0-0;2000;5;0;516;22645;986;23661
2000-5-0-1;2000;5;0;432;21305;854;24425
2000-5-0-2;2000;5;0;626;18532;1210;18728
2000-5-0-3;2000;5;0;512;20948;1005;21027
2000-5-0-4;2000;5;0;405;22639;781;24029
2000-5-0-5;2000;5;0;363;23426;691;23938
2000-5-0-6;2000;5;0;453;22685;860;23530
2000-5-0-7;2000;5;0;536;22154;1021;22630
2000-5-0-8;2000;5;0;394;21502;757;21997
2000-5-0-9;2000;5;0;442;23457;835;23345
2000-5-2-0;2000;5;2;332;22376;641;24924
2000-5-2-1;2000;5;2;710;13509;1355;14940
2000-5-2-2;2000;5;2;541;20484;1054;20210
2000-5-2-3;2000;5;2;470;21521;880;22080
2000-5-2-4;2000;5;2;290;23110;534;23554
2000-5-2-5;2000;5;2;669;18875;1271;19261
2000-5-2-6;2000;5;2;443;22327;846;21903
2000-5-2-7;2000;5;2;850;10825;1610;9854
2000-5-2-8;2000;5;2;769;14926;1542;15744
2000-5-2-9;2000;5;2;531;22164;996;23973
2000-5-5-0;2000;5;5;1008;7073;1894;6656
2000-5-5-1;2000;5;5;351;22414;686;22699
2000-5-5-2;2000;5;5;915;9810;1804;9576
2000-5-5-3;2000;5;5;479;23334;927;23525
2000-5-5-4;2000;5;5;690;17513;1272;20897
2000-5-5-5;2000;5;5;744;13757;1449;15445
2000-5-5-6;2000;5;5;712;18897;1375;17827
2000-5-5-7;2000;5;5;544;18543;1003;18937
2000-5-5-8;2000;5;5;678;16969;1290;17156
2000-5-5-9;2000;5;5;580;17604;1134;19138
2000-10-0-0;2000;10;0;387;21924;723;23142
2000-10-0-1;2000;10;0;241;22557;447;23648
2000-10-0-2;2000;10;0;284;22399;527;22900
2000-10-0-3;2000;10;0;226;21634;413;23442
2000-10-0-4;2000;10;0;581;12483;1069;13080
2000-10-0-5;2000;10;0;226;23396;421;23271
2000-10-0-6;2000;10;0;198;22874;357;23573
2000-10-0-7;2000;10;0;497;17630;968;17133
2000-10-0-8;2000;10;0;270;21287;502;21093
2000-10-0-9;2000;10;0;232;22716;426;23176
2000-10-2-0;2000;10;2;366;22379;687;22782
2000-10-2-1;2000;10;2;331;21523;635;22316
2000-10-2-2;2000;10;2;308;22475;576;22525
2000-10-2-3;2000;10;2;860;8760;1598;9312
2000-10-2-4;2000;10;2;325;21996;614;22664
2000-10-2-5;2000;10;2;282;22611;536;23058
2000-10-2-6;2000;10;2;351;20912;664;21773
2000-10-2-7;2000;10;2;303;21416;574;23969
2000-10-2-8;2000;10;2;658;12882;1237;14028
2000-10-2-9;2000;10;2;554;16314;1082;15516
2000-10-5-0;2000;10;5;308;21447;611;22458
2000-10-5-1;2000;10;5;1152;3013;2154;3296
2000-10-5-2;2000;10;5;1115;3522;2139;3754
2000-10-5-3;2000;10;5;303;22176;575;22142
2000-10-5-4;2000;10;5;451;16309;895;17161
2000-10-5-5;2000;10;5;364;22534;696;22774
2000-10-5-6;2000;10;5;971;3374;1838;3337
2000-10-5-7;2000;10;5;993;3945;1877;4300
2000-10-5-8;2000;10;5;425;21961;829;22968
2000-10-5-9;2000;10;5;332;21170;649;22264
2000-15-0-0;2000;15;0;84;22128;137;22755
2000-15-0-1;2000;15;0;907;2993;1716;2751
2000-15-0-2;2000;15;0;279;22009;547;21588
2000-15-0-3;2000;15;0;943;1837;1624;1414
2000-15-0-4;2000;15;0;229;21556;427;23012
2000-15-0-5;2000;15;0;85;22360;146;23124
2000-15-0-6;2000;15;0;122;21901;217;22560
2000-15-0-7;2000;15;0;221;20857;417;23131
2000-15-0-8;2000;15;0;72;21836;113;22971
2000-15-0-9;2000;15;0;261;22108;473;22830
2000-15-2-0;2000;15;2;216;22241;385;22961
2000-15-2-1;2000;15;2;108;22004;187;22665
2000-15-2-2;2000;15;2;656;9666;1227;10125
2000-15-2-3;2000;15;2;148;21910;270;22448
2000-15-2-4;2000;15;2;227;22111;428;22652
2000-15-2-5;2000;15;2;770;3104;1356;3453
2000-15-2-6;2000;15;2;218;21840;399;22768
2000-15-2-7;2000;15;2;1119;835;1963;976
2000-15-2-8;2000;15;2;130;20644;231;22629
2000-15-2-9;2000;15;2;115;22397;202;22398
2000-15-5-0;2000;15;5;290;20958;545;22402
2000-15-5-1;2000;15;5;316;19729;552;20109
2000-15-5-2;2000;15;5;181;18971;332;22480
2000-15-5-3;2000;15;5;173;22035;321;22577
2000-15-5-4;2000;15;5;938;3638;1824;4324
2000-15-5-5;2000;15;5;1025;1837;1936;2295
2000-15-5-6;2000;15;5;143;21041;247;22494
2000-15-5-7;2000;15;5;138;22921;243;22530
2000-15-5-8;2000;15;5;763;2969;1367;3172
2000-15-5-9;2000;15;5;239;20963;445;22463
5000-5-0-0;5000;5;0;3907;104345;7594;102697
5000-5-0-1;5000;5;0;1574;212768;3389;205069
5000-5-0-2;5000;5;0;1667;210650;3516;210664
5000-5-0-3;5000;5;0;3226;129579;6725;124299
5000-5-0-4;5000;5;0;1494;208249;3503;193006
5000-5-0-5;5000;5;0;1553;206029;3410;208061
5000-5-0-6;5000;5;0;1923;196763;5082;199749
5000-5-0-7;5000;5;0;3011;207689;5396;216628
5000-5-0-8;5000;5;0;6860;21841;14080;26366
5000-5-0-9;5000;5;0;885;194211;3219;200030
5000-5-2-0;5000;5;2;2758;163840;5522;153064
5000-5-2-1;5000;5;2;1575;207225;3402;210546
5000-5-2-2;5000;5;2;1363;198889;3401;196302
5000-5-2-3;5000;5;2;1696;196194;3401;203736
5000-5-2-4;5000;5;2;2424;201128;4805;194962
5000-5-2-5;5000;5;2;1830;166102;5024;165708
5000-5-2-6;5000;5;2;1674;195086;3320;203286
5000-5-2-7;5000;5;2;4053;116049;8059;124172
5000-5-2-8;5000;5;2;1931;199862;5283;205353
5000-5-2-9;5000;5;2;1327;182154;3935;189156
5000-5-5-0;5000;5;5;5718;57040;11400;53723
5000-5-5-1;5000;5;5;7150;28880;12839;31505
5000-5-5-2;5000;5;5;3299;203565;5065;191830
5000-5-5-3;5000;5;5;4132;109323;8187;111192
5000-5-5-4;5000;5;5;2885;168070;5691;159188
5000-5-5-5;5000;5;5;2097;200262;4740;191197
5000-5-5-6;5000;5;5;5616;61746;10898;61382
5000-5-5-7;5000;5;5;3439;158221;6863;155666
5000-5-5-8;5000;5;5;4318;113132;7314;111951
5000-5-5-9;5000;5;5;3472;135903;7181;118609
5000-10-0-0;5000;10;0;365;209935;675;203586
5000-10-0-1;5000;10;0;222;202318;385;213142
5000-10-0-2;5000;10;0;2087;195059;3379;199326
5000-10-0-3;5000;10;0;146;190181;232;202729
5000-10-0-4;5000;10;0;823;200544;806;207365
5000-10-0-5;5000;10;0;398;199819;735;204204
5000-10-0-6;5000;10;0;574;190369;1097;190164
5000-10-0-7;5000;10;0;973;204172;3463;208669
5000-10-0-8;5000;10;0;1140;204228;3431;200718
5000-10-0-9;5000;10;0;347;192816;643;195438
5000-10-2-0;5000;10;2;425;205652;792;205170
5000-10-2-1;5000;10;2;4959;40256;9890;37564
5000-10-2-2;5000;10;2;2524;22275;5012;28957
5000-10-2-3;5000;10;2;1252;188491;3408;190051
5000-10-2-4;5000;10;2;2145;195780;3403;191596
5000-10-2-5;5000;10;2;247;203495;442;208342
5000-10-2-6;5000;10;2;1061;192073;3465;192114
5000-10-2-7;5000;10;2;375;195633;697;162773
5000-10-2-8;5000;10;2;491;194673;926;190947
5000-10-2-9;5000;10;2;402;190999;748;199533
5000-10-5-0;5000;10;5;249;209531;438;207078
5000-10-5-1;5000;10;5;2438;14317;4777;17377
5000-10-5-2;5000;10;5;4007;38592;10403;39078
5000-10-5-3;5000;10;5;523;194585;1005;196541
5000-10-5-4;5000;10;5;432;201946;802;203224
5000-10-5-5;5000;10;5;332;193996;610;198019
5000-10-5-6;5000;10;5;1091;188962;2435;184086
5000-10-5-7;5000;10;5;1420;19355;2760;17405
5000-10-5-8;5000;10;5;1367;7224;2646;9093
5000-10-5-9;5000;10;5;5566;41019;12191;44775
5000-15-0-0;5000;15;0;169;206080;278;201316
5000-15-0-1;5000;15;0;3432;201888;6889;203095
5000-15-0-2;5000;15;0;3366;195177;6712;196617
5000-15-0-3;5000;15;0;190;199946;333;206905
5000-15-0-4;5000;15;0;3457;202213;6872;203365
5000-15-0-5;5000;15;0;3353;199091;6708;202638
5000-15-0-6;5000;15;0;106;186882;156;187366
5000-15-0-7;5000;15;0;8538;12413;17089;11920
5000-15-0-8;5000;15;0;8441;14643;16806;16794
5000-15-0-9;5000;15;0;3434;189303;6885;192709
5000-15-2-0;5000;15;2;3245;207191;6439;205877
5000-15-2-1;5000;15;2;3313;198564;6578;206023
5000-15-2-2;5000;15;2;3146;198002;6251;192612
5000-15-2-3;5000;15;2;3411;203080;6814;207125
5000-15-2-4;5000;15;2;118;198847;185;201695
5000-15-2-5;5000;15;2;3402;192998;6777;207754
5000-15-2-6;5000;15;2;1151;16450;2218;15479
5000-15-2-7;5000;15;2;3358;201513;6721;206472
5000-15-2-8;5000;15;2;8664;13788;17400;14983
5000-15-2-9;5000;15;2;8828;6451;17672;8540
5000-15-5-0;5000;15;5;3383;201852;6818;206294
5000-15-5-1;5000;15;5;3258;205405;6516;205401
5000-15-5-2;5000;15;5;3350;189502;6652;163285
5000-15-5-3;5000;15;5;3281;203962;6572;193551
5000-15-5-4;5000;15;5;138;188875;218;160206
5000-15-5-5;5000;15;5;3466;192757;6928;192879
5000-15-5-6;5000;15;5;3416;206401;6890;202197
5000-15-5-7;5000;15;5;3311;203350;6600;206010
5000-15-5-8;5000;15;5;173;192642;288;190662
5000-15-5-9;5000;15;5;8783;9236;17439;11861
